step,system_total_stopped,system_total_waiting_time,system_mean_waiting_time,system_mean_speed,GS_cluster_357187_359543_stopped,GS_cluster_357187_359543_accumulated_waiting_time,GS_cluster_357187_359543_average_speed,agents_total_stopped,agents_total_accumulated_waiting_time
25200.0,0,0.0,0.0,0.0,0,0.0,1.0,0,0.0
25205.0,0,0.0,0.0,0.0,0,0.0,1.0,0,0.0
25210.0,0,0.0,0.0,5.444658578583039,0,0.0,0.5207633143900825,0,0.0
25215.0,0,0.0,0.0,9.831037972267406,0,0.0,0.3411858284837806,0,0.0
25220.0,0,0.0,0.0,8.597913058325446,0,0.0,0.1043467323023535,0,0.0
25225.0,1,0.0,0.0,10.048546888394041,1,0.0,0.5362578704927901,1,0.0
25230.0,1,2.0,0.3333333333333333,6.996399485925259,1,2.0,0.515210309726774,1,2.0
25235.0,0,0.0,0.0,7.383035561766554,0,3.0,0.5619550926090114,0,3.0
25240.0,1,3.0,0.375,10.270801807770333,1,3.0,0.7473381750130559,1,3.0
25245.0,1,8.0,0.8888888888888888,9.781717839222718,1,8.0,0.6120751934865306,1,8.0
25250.0,2,15.0,1.5,7.943810368637711,2,15.0,0.5405246727175507,2,15.0
25255.0,4,26.0,2.1666666666666665,6.054751867734189,4,26.0,0.3000657621429922,4,26.0
25260.0,6,45.0,3.2142857142857144,6.854981341578687,6,45.0,0.2551758816603267,6,45.0
25265.0,8,74.0,5.6923076923076925,3.134685150232667,8,74.0,0.1896967753186165,8,74.0
25270.0,3,5.0,0.3125,3.8400490417632476,3,49.0,0.16919303427572707,3,49.0
25275.0,2,10.0,0.5555555555555556,7.874726539921607,1,8.0,0.36708168504136734,1,8.0
25280.0,3,15.0,0.8333333333333334,7.055270692848492,3,15.0,0.32189076170392,3,15.0
25285.0,8,38.0,2.0,5.596837164472534,7,38.0,0.3505744060974917,7,38.0
25290.0,7,49.0,2.45,5.613364584584929,7,49.0,0.3813748115231544,7,49.0
25295.0,11,88.0,3.52,5.388335436081179,11,88.0,0.3461053571693027,11,88.0
25300.0,13,140.0,5.185185185185185,5.413541861798181,13,140.0,0.35061659007479673,13,140.0
25305.0,16,203.0,6.548387096774194,5.442235863750022,16,203.0,0.33299170811600426,16,203.0
25310.0,18,279.0,7.9714285714285715,5.402528490091951,18,279.0,0.3033508843891218,18,279.0
25315.0,12,147.0,4.083333333333333,5.129840291304,12,268.0,0.282584617044347,12,268.0
25320.0,5,19.0,0.5428571428571428,6.399523241065813,5,161.0,0.29425967359853955,5,161.0
25325.0,8,22.0,0.6470588235294118,5.593087335151165,7,178.0,0.24594383972025607,7,178.0
25330.0,16,77.0,2.264705882352941,3.9056322660767195,16,233.0,0.21030694342459713,16,233.0
25335.0,20,160.0,4.444444444444445,2.9682655138792673,20,316.0,0.17443383603519402,20,316.0
25340.0,26,281.0,7.205128205128205,2.4106863449627807,26,437.0,0.11623335082257318,26,437.0
25345.0,32,428.0,10.7,2.4521207409064187,32,584.0,0.10586460378865328,32,584.0
25350.0,26,462.0,10.744186046511627,2.8267223376495907,26,689.0,0.15970032680000584,26,689.0
25355.0,25,503.0,10.702127659574469,4.283201674800792,25,713.0,0.19263082425620404,25,713.0
25360.0,23,421.0,9.152173913043478,3.6967644624625904,23,718.0,0.17611751406381307,23,718.0
25365.0,19,216.0,4.595744680851064,4.50761135651576,18,568.0,0.20221973990636874,18,568.0
25370.0,16,112.0,2.5454545454545454,6.01146932423812,14,432.0,0.2691222415563051,14,432.0
25375.0,2,9.0,0.225,5.993530943311294,2,416.0,0.32591691251247484,2,416.0
25380.0,7,27.0,0.6585365853658537,6.346375864720266,7,372.0,0.32791663070579696,7,372.0
25385.0,15,82.0,2.05,5.394452657706839,15,420.0,0.2633356165117333,15,420.0
25390.0,16,84.0,2.1538461538461537,4.942132538799199,16,411.0,0.2930764572080261,16,411.0
25395.0,10,44.0,1.0731707317073171,5.638792435261904,10,233.0,0.3028339666197835,10,233.0
25400.0,5,23.0,0.5609756097560976,7.422129280856192,5,160.0,0.3843542137037688,5,160.0
25405.0,2,5.0,0.1282051282051282,6.43486717449273,2,116.0,0.35708216946868443,2,116.0
25410.0,7,25.0,0.6410256410256411,6.043535475322022,7,139.0,0.3616560780892515,7,139.0
25415.0,16,83.0,2.075,6.018121606582083,15,196.0,0.3744363306091823,15,196.0
25420.0,19,165.0,4.342105263157895,5.131686473400413,19,277.0,0.3061917486146996,19,277.0
25425.0,21,268.0,6.871794871794871,4.832926406185537,21,380.0,0.2820763878121564,21,380.0
25430.0,25,381.0,9.292682926829269,4.463010233986258,25,493.0,0.2535962148794765,25,493.0
25435.0,23,410.0,9.534883720930232,3.863221411719386,22,560.0,0.25752387680708094,22,560.0
25440.0,22,396.0,9.209302325581396,3.7269913879342766,22,670.0,0.2536528286036331,22,670.0
25445.0,26,519.0,11.795454545454545,2.995108078080921,26,795.0,0.22303991997928552,26,795.0
25450.0,30,657.0,14.282608695652174,2.9037189628213063,30,935.0,0.1830951617084124,30,935.0
25455.0,23,525.0,11.41304347826087,3.397726920313897,23,913.0,0.23504578723723385,23,913.0
25460.0,17,342.0,7.125,5.318463170810483,17,695.0,0.28125579480795604,17,695.0
25465.0,12,231.0,5.133333333333334,6.892741948495383,11,585.0,0.34139115306786527,11,585.0
25470.0,15,173.0,3.8444444444444446,5.896043523244912,13,548.0,0.32284337752502207,13,548.0
25475.0,19,249.0,5.659090909090909,5.9303939178322675,19,486.0,0.29407017381114675,19,486.0
25480.0,19,309.0,7.0227272727272725,5.063042216799101,19,386.0,0.24526451740186386,19,386.0
25485.0,19,396.0,8.8,5.712476901918149,19,398.0,0.2617334509850826,19,398.0
25490.0,15,244.0,5.545454545454546,5.764571911482499,15,392.0,0.2840718899176166,15,392.0
25495.0,9,68.0,1.4782608695652173,6.143731682638723,9,235.0,0.3390706734122719,9,235.0
25500.0,10,42.0,0.875,5.944638493602715,10,275.0,0.30445336024426106,10,275.0
25505.0,19,104.0,2.1666666666666665,4.023176798240635,19,342.0,0.24519503768547568,19,342.0
25510.0,19,110.0,2.0754716981132075,4.0786914714606,19,399.0,0.20712283335857348,19,399.0
25515.0,21,173.0,2.9322033898305087,5.9257474518304925,20,430.0,0.267988838975729,20,430.0
25520.0,21,170.0,2.8813559322033897,5.485313514023916,20,434.0,0.24941390987499754,20,434.0
25525.0,18,126.0,2.1724137931034484,5.766120293546594,18,372.0,0.25497198985565406,18,372.0
25530.0,16,74.0,1.3214285714285714,4.652008832334779,16,439.0,0.21856718678271997,16,439.0
25535.0,22,150.0,2.542372881355932,4.601087189906107,22,511.0,0.1954760571119232,22,511.0
25540.0,17,139.0,2.278688524590164,4.934948338658642,17,563.0,0.22297485158634656,17,563.0
25545.0,21,208.0,3.3548387096774195,6.281559113281207,21,572.0,0.22114148239072753,21,572.0
25550.0,24,210.0,3.6842105263157894,4.831752643582328,24,596.0,0.1873076153767413,24,596.0
25555.0,19,169.0,3.0727272727272728,5.473276313215409,19,528.0,0.23094959539063634,19,528.0
25560.0,14,121.0,2.2830188679245285,6.358922814592408,14,392.0,0.26001651236621665,14,392.0
25565.0,4,14.0,0.2857142857142857,6.1541344075074385,4,381.0,0.29816039949946643,4,381.0
25570.0,10,29.0,0.5918367346938775,5.985242462234922,9,384.0,0.29532412849352135,9,384.0
25575.0,11,32.0,0.64,5.491583792318034,10,358.0,0.24932740635402767,10,358.0
25580.0,11,32.0,0.6530612244897959,5.404688866503768,8,244.0,0.23134364473193586,8,244.0
25585.0,9,28.0,0.5833333333333334,5.057676247755601,7,273.0,0.21360049427225772,7,273.0
25590.0,11,58.0,1.183673469387755,3.975339867148669,8,295.0,0.16874394487600286,8,295.0
25595.0,20,138.0,2.76,3.8240754279381344,15,340.0,0.15578633718727802,15,340.0
25600.0,27,223.0,4.2075471698113205,4.296992036580921,22,435.0,0.08982076310147574,22,435.0
25605.0,21,187.0,3.462962962962963,4.360867128171378,20,507.0,0.13580210184176159,20,507.0
25610.0,14,113.0,1.9152542372881356,5.553241260113381,13,417.0,0.21788977599018164,13,417.0
25615.0,11,54.0,0.9152542372881356,5.775730728113219,7,407.0,0.2581620682962642,7,407.0
25620.0,12,49.0,0.8166666666666667,5.839005020952332,7,386.0,0.26842401751761213,7,386.0
25625.0,11,26.0,0.43333333333333335,5.550344992401511,8,354.0,0.2780023754795557,8,354.0
25630.0,7,19.0,0.3220338983050847,5.980141404643255,7,243.0,0.3033576070962907,7,243.0
25635.0,9,48.0,0.8421052631578947,6.5981740498746,8,181.0,0.355445064544773,8,181.0
25640.0,14,34.0,0.576271186440678,5.4732823636287975,10,178.0,0.3302906258283489,10,178.0
25645.0,19,57.0,1.0178571428571428,4.60993236517473,15,164.0,0.3028296148986855,15,164.0
25650.0,17,40.0,0.6557377049180327,4.016342589777451,12,188.0,0.21378092574263607,12,188.0
25655.0,18,62.0,0.96875,4.6549741836237,12,174.0,0.2018981630817803,12,174.0
25660.0,18,89.0,1.390625,4.13948451866329,12,182.0,0.18445421484750427,12,182.0
25665.0,24,117.0,1.8571428571428572,3.495770879156039,15,221.0,0.14755691298992296,15,221.0
25670.0,35,203.0,2.9420289855072466,3.8238397467416005,22,295.0,0.11857440706996954,22,295.0
25675.0,37,334.0,4.638888888888889,3.845319939100127,23,360.0,0.15884312928417893,23,360.0
25680.0,42,521.0,7.04054054054054,3.9542203286747384,26,448.0,0.1744335689947577,26,448.0
25685.0,42,669.0,9.164383561643836,3.3502588174847,23,523.0,0.16850270206746096,23,523.0
25690.0,43,808.0,10.91891891891892,3.034794372970583,24,625.0,0.13112911741227484,24,625.0
25695.0,35,566.0,8.323529411764707,2.7555153095577554,18,613.0,0.1465038532203941,18,613.0
25700.0,29,468.0,6.782608695652174,4.243249227156721,9,405.0,0.2099167591039224,9,405.0
25705.0,32,460.0,7.076923076923077,3.3793608859777216,12,430.0,0.15560658394735083,12,430.0
25710.0,31,478.0,6.927536231884058,3.4250226952232996,13,448.0,0.16525872394949684,13,448.0
25715.0,41,653.0,9.32857142857143,2.970358594366672,19,551.0,0.1544858808801396,19,551.0
25720.0,41,502.0,6.783783783783784,3.0508522231544806,27,789.0,0.11800119759475557,27,789.0
25725.0,47,507.0,6.851351351351352,2.1170862094362346,36,1024.0,0.0784842929793201,36,1024.0
25730.0,56,750.0,10.714285714285714,1.2334029655387875,41,1219.0,0.09337455269092985,41,1219.0
25735.0,49,733.0,10.180555555555555,1.4943525835696516,35,1329.0,0.10631659073236288,35,1329.0
25740.0,43,658.0,8.891891891891891,2.2001766218078003,26,1284.0,0.15109729913101883,26,1284.0
25745.0,49,776.0,10.210526315789474,2.076293123000212,27,1383.0,0.14435860390413238,27,1383.0
25750.0,60,1036.0,13.113924050632912,0.8094197740908069,36,1539.0,0.07508398853372156,36,1539.0
25755.0,62,1293.0,15.392857142857142,0.9540038414786819,38,1629.0,0.07784955489637144,38,1629.0
25760.0,64,1552.0,18.258823529411764,1.6995188904321916,39,1553.0,0.08329062456088139,39,1553.0
25765.0,62,1841.0,21.658823529411766,2.2549453333031604,37,1631.0,0.11828071997008248,37,1631.0
25770.0,63,2144.0,26.8,1.92843080440867,36,1714.0,0.13205630015679595,36,1714.0
25775.0,68,2473.0,30.9125,1.5764824268027229,41,1883.0,0.08868317819036062,41,1883.0
25780.0,70,2797.0,35.40506329113924,0.8953177055604523,43,2068.0,0.04945877739364556,43,2068.0
25785.0,74,3161.0,41.05194805194805,0.10901092416268743,47,2297.0,0.010580554032271618,47,2297.0
25790.0,77,3540.0,45.97402597402598,0.0004930087257831927,50,2541.0,4.7391859955059874e-05,50,2541.0
25795.0,77,3925.0,50.97402597402598,3.811210528258271e-06,50,2791.0,3.638622398310065e-07,50,2791.0
25800.0,75,4264.0,55.37662337662338,0.008288197157324014,48,3036.0,0.0008995215653771532,48,3036.0
25805.0,77,4634.0,60.18181818181818,0.00016478059142098042,50,3282.0,1.589525361535046e-05,50,3282.0
25810.0,77,5019.0,64.34615384615384,0.03619049829430878,50,3532.0,0.004339424726731486,50,3532.0
25815.0,77,5404.0,69.28205128205128,0.15484061108545197,50,3782.0,0.01856617643068175,50,3782.0
25820.0,77,5789.0,74.21794871794872,0.15430779456424945,50,4032.0,0.018502289021115996,50,4032.0
25825.0,77,6174.0,79.15384615384616,0.1585523343617107,50,4282.0,0.019011230920752558,50,4282.0
25830.0,77,6559.0,83.0253164556962,0.23025294139475633,50,4532.0,0.024031806192592806,50,4532.0
25835.0,77,6944.0,87.89873417721519,0.1960765049343731,50,4782.0,0.021699688252100044,50,4782.0
25840.0,78,7332.0,92.81012658227849,0.004203545093487133,51,5035.0,0.0005000484717510854,51,5035.0
25845.0,79,7727.0,97.81012658227849,0.0,52,5295.0,0.0,52,5295.0
25850.0,79,8122.0,102.81012658227849,0.0,52,5555.0,0.0,52,5555.0
25855.0,79,8517.0,107.81012658227849,0.0,52,5815.0,0.0,52,5815.0
25860.0,79,8912.0,112.81012658227849,0.0,52,6075.0,0.0,52,6075.0
25865.0,79,9307.0,116.3375,0.07520621581614252,52,6335.0,0.0,52,6335.0
25870.0,79,9702.0,121.275,0.1528145163052766,52,6595.0,0.0,52,6595.0
25875.0,79,10097.0,126.2125,0.14224930833244503,52,6855.0,0.0,52,6855.0
25880.0,79,10492.0,131.15,0.12682826262985208,52,7115.0,0.0,52,7115.0
25885.0,80,10889.0,136.1125,4.410256811486867e-06,52,7375.0,0.0,52,7375.0
25890.0,80,11289.0,139.37037037037038,0.03193852463392196,52,7635.0,0.0,52,7635.0
25895.0,80,11689.0,144.30864197530863,0.14731478490636765,52,7895.0,0.0,52,7895.0
25900.0,80,12089.0,149.2469135802469,0.16560416220556037,52,8155.0,0.0,52,8155.0
25905.0,80,12489.0,154.1851851851852,0.1419512356613108,52,8415.0,0.0,52,8415.0
25910.0,81,12890.0,159.1358024691358,0.00020143972823942371,52,8675.0,0.0,52,8675.0
25915.0,81,13295.0,164.1358024691358,0.0,52,8935.0,0.0,52,8935.0
25920.0,81,13700.0,169.1358024691358,1.8591256897411058e-06,52,9195.0,1.8730699602417134e-07,52,9195.0
25925.0,81,14105.0,174.1358024691358,2.033348510975196e-06,52,9455.0,2.158758058392196e-07,52,9455.0
25930.0,81,14510.0,179.1358024691358,0.0,52,9715.0,0.0,52,9715.0
25935.0,81,14915.0,184.1358024691358,0.0,52,9975.0,0.0,52,9975.0
25940.0,81,15320.0,186.82926829268294,0.07628059470344607,52,10235.0,0.00953826971644595,52,10235.0
25945.0,82,15725.0,187.20238095238096,0.20935677821474868,53,10495.0,0.023317591624992876,53,10495.0
25950.0,83,16130.0,185.4022988505747,0.3201984781579532,54,10755.0,0.030714187453469537,54,10755.0
25955.0,83,16540.0,187.95454545454547,0.34643107915044885,54,11020.0,0.04116876695838634,54,11020.0
25960.0,86,16961.0,186.3846153846154,0.5023809684938304,57,11296.0,0.054569450242770594,57,11296.0
25965.0,85,17386.0,186.94623655913978,0.5626919067355521,56,11576.0,0.061766135938703996,56,11576.0
25970.0,89,17822.0,185.64583333333334,0.5468711590450346,60,11867.0,0.05869678512666132,60,11867.0
25975.0,91,18271.0,186.4387755102041,0.5551986812519897,62,12171.0,0.060325357738545325,62,12171.0
25980.0,94,18732.0,187.32,0.4930921888073789,65,12487.0,0.054160299203695056,65,12487.0
25985.0,96,19207.0,192.07,0.33085360374974515,67,12817.0,0.03608530816174727,67,12817.0
25990.0,98,19694.0,196.94,0.2536293750939208,69,13159.0,0.02770990006508443,69,13159.0
25995.0,99,20185.0,197.8921568627451,0.07500503721379725,70,13505.0,0.005932060320977893,70,13505.0
26000.0,102,20687.0,200.84466019417476,0.013932315299535364,71,13858.0,0.0,71,13858.0
26005.0,102,21197.0,205.79611650485438,0.04530437372940143,71,14213.0,0.0,71,14213.0
26010.0,103,21711.0,210.7864077669903,5.093326373803287e-06,71,14568.0,0.0,71,14568.0
26015.0,103,22226.0,215.7864077669903,0.0,71,14923.0,0.0,71,14923.0
26020.0,103,22741.0,220.7864077669903,0.0,71,15278.0,0.0,71,15278.0
26025.0,103,23256.0,225.7864077669903,0.0,71,15633.0,0.0,71,15633.0
26030.0,103,23771.0,230.7864077669903,0.0,71,15988.0,0.0,71,15988.0
26035.0,103,24286.0,235.7864077669903,0.0,71,16343.0,0.0,71,16343.0
26040.0,103,24801.0,240.7864077669903,0.0,71,16698.0,0.0,71,16698.0
26045.0,103,25316.0,245.7864077669903,0.0,71,17053.0,0.0,71,17053.0
26050.0,103,25831.0,250.7864077669903,0.0,71,17408.0,0.0,71,17408.0
26055.0,103,26346.0,255.7864077669903,0.0,71,17763.0,0.0,71,17763.0
26060.0,103,26861.0,260.7864077669903,0.0,71,18118.0,0.0,71,18118.0
26065.0,103,27376.0,265.7864077669903,0.0,71,18473.0,0.0,71,18473.0
26070.0,103,27891.0,270.7864077669903,0.0,71,18828.0,0.0,71,18828.0
26075.0,103,28406.0,273.13461538461536,0.08444651210156734,71,19183.0,0.006922382720940738,71,19183.0
26080.0,103,28921.0,278.08653846153845,0.16925800614383768,71,19538.0,0.013874684317355444,71,19538.0
26085.0,103,29436.0,283.03846153846155,0.15920358044944002,71,19893.0,0.013050487071503901,71,19893.0
26090.0,104,29951.0,285.247619047619,0.16583560280078488,72,20248.0,0.013536838882086689,72,20248.0
26095.0,104,30466.0,287.41509433962267,0.10500611527730619,72,20603.0,0.011224605090478151,72,20603.0
26100.0,104,30986.0,289.58878504672896,0.25655112642499517,72,20963.0,0.023142401482268107,72,20963.0
26105.0,105,31507.0,291.73148148148147,0.277579552996682,72,21323.0,0.026860759818053335,72,21323.0
26110.0,106,32033.0,291.2090909090909,0.2880489739825813,72,21683.0,0.025497061810494406,72,21683.0
26115.0,108,32568.0,296.07272727272726,0.23050689885577486,72,22043.0,0.02626629041220727,72,22043.0
26120.0,108,33108.0,300.9818181818182,0.11735447429136013,72,22403.0,0.013522047701121693,72,22403.0
26125.0,110,33654.0,305.94545454545454,5.5108387061310576e-05,74,22769.0,6.347461337265506e-06,74,22769.0
26130.0,110,34204.0,308.14414414414415,0.032561488207933066,74,23139.0,0.0037055159943045067,74,23139.0
26135.0,110,34754.0,313.0990990990991,0.11413102497176854,74,23509.0,0.01298817596353656,74,23509.0
26140.0,110,35304.0,315.2142857142857,0.15777663258883542,74,23879.0,0.01822333690785293,74,23879.0
26145.0,110,35854.0,314.50877192982455,0.2822580921197987,74,24249.0,0.03174419745712415,74,24249.0
26150.0,110,36404.0,316.55652173913046,0.45044927663139306,74,24619.0,0.048805000677721366,74,24619.0
26155.0,110,36954.0,321.3391304347826,0.538640980704782,74,24989.0,0.05793912931605651,74,24989.0
26160.0,111,37506.0,326.1391304347826,0.4524955490919368,75,25361.0,0.04837075142168883,75,25361.0
26165.0,112,38062.0,325.3162393162393,0.45792953591314434,76,25737.0,0.047649056170463965,76,25737.0
26170.0,114,38619.0,324.52941176470586,0.3651257313647553,78,26115.0,0.037029270634737835,78,26115.0
26175.0,114,39188.0,326.56666666666666,0.4589840897438234,78,26504.0,0.04585166296705342,78,26504.0
26180.0,115,39762.0,325.91803278688525,0.6262969534219115,79,26898.0,0.06296898736277326,79,26898.0
26185.0,115,40337.0,330.6311475409836,0.6896645955634616,79,27293.0,0.06934158416733224,79,27293.0
26190.0,117,40915.0,329.9596774193548,0.6493397526310021,81,27691.0,0.06579280102303274,81,27691.0
26195.0,118,41499.0,334.6693548387097,0.5569059525538932,82,28095.0,0.05566457547011909,82,28095.0
26200.0,119,42090.0,339.43548387096774,0.4249569312086963,83,28506.0,0.04239810196060017,83,28506.0
26205.0,121,42692.0,344.2903225806452,0.2246983777633243,85,28928.0,0.021491003419594052,85,28928.0
26210.0,122,43301.0,346.408,0.23464199222496052,86,29357.0,0.022479871863352513,86,29357.0
26215.0,124,43916.0,351.328,0.11024932942564242,88,29792.0,0.010892683795092712,88,29792.0
26220.0,124,44536.0,350.6771653543307,0.1281135518690783,88,30232.0,0.011502656243225736,88,30232.0
26225.0,126,45159.0,350.06976744186045,0.21959521084871553,89,30672.0,0.0213324042552922,89,30672.0
26230.0,125,45784.0,352.18461538461537,0.3656940691795509,88,31112.0,0.035953812207716804,88,31112.0
26235.0,126,46412.0,357.0153846153846,0.40102746857849814,89,31555.0,0.04049120296054553,89,31555.0
26240.0,126,47042.0,359.09923664122135,0.4322243921229895,89,32000.0,0.04338824392834021,89,32000.0
26245.0,126,47672.0,363.9083969465649,0.297015397751529,89,32445.0,0.030207168451501655,89,32445.0
26250.0,129,48310.0,363.23308270676694,0.2605983920757012,92,32898.0,0.027014622997655443,92,32898.0
26255.0,130,48955.0,362.6296296296296,0.4056685411772239,93,33358.0,0.03983922362137691,93,33358.0
26260.0,131,49605.0,364.74264705882354,0.3716522201202793,94,33824.0,0.03523120763959557,94,33824.0
26265.0,131,50260.0,364.2028985507246,0.5099425814846974,94,34294.0,0.04814246022410363,94,34294.0
26270.0,132,50915.0,363.67857142857144,0.5907999859775269,95,34764.0,0.05608015127067167,95,34764.0
26275.0,133,51577.0,365.79432624113474,0.5717846432675594,96,35240.0,0.05479183971541049,96,35240.0
26280.0,135,52247.0,365.3636363636364,0.5176553095135472,98,35725.0,0.05135126928190869,98,35725.0
26285.0,136,52924.0,370.0979020979021,0.42002321147819427,99,36217.0,0.045508976406450595,99,36217.0
26290.0,138,53611.0,374.9020979020979,0.28831970142715,101,36719.0,0.03241617220731648,101,36719.0
26295.0,140,54304.0,379.74825174825173,0.20805773141647554,103,37227.0,0.02435926776058149,103,37227.0
26300.0,141,55006.0,379.35172413793106,0.17408855064517556,104,37744.0,0.01891140046594168,104,37744.0
26305.0,143,55716.0,384.24827586206897,0.16431103519333917,106,38269.0,0.01503197102231645,106,38269.0
26310.0,143,56431.0,389.17931034482757,0.18574894064923175,106,38799.0,0.01685606810929234,106,38799.0
26315.0,143,57146.0,394.11034482758623,0.1742309657649499,106,39329.0,0.01589555496226181,106,39329.0
26320.0,144,57862.0,396.3150684931507,0.025551298083870133,107,39860.0,0.002820241500760922,107,39860.0
26325.0,145,58586.0,401.2739726027397,0.07891795831918372,108,40399.0,0.008887327709271794,108,40399.0
26330.0,145,59311.0,403.4761904761905,0.1220463161104832,108,40939.0,0.012621737262739218,108,40939.0
26335.0,145,60036.0,402.9261744966443,0.22784786485705824,108,41479.0,0.0239940770446134,108,41479.0
26340.0,145,60761.0,405.0733333333333,0.3168328000144984,108,42019.0,0.03223326766123682,108,42019.0
26345.0,146,61489.0,409.9266666666667,0.26321400787159843,109,42562.0,0.02754857160474456,109,42562.0
26350.0,147,62223.0,409.3618421052632,0.29133114866635784,110,43111.0,0.03058366497963871,110,43111.0
26355.0,148,62960.0,411.5032679738562,0.2691845040926407,111,43663.0,0.02709615053771156,111,43663.0
26360.0,150,63706.0,416.37908496732024,0.2582222911097673,113,44224.0,0.024749229802372083,113,44224.0
26365.0,150,64456.0,418.54545454545456,0.23125414323863616,113,44789.0,0.022096043717101856,113,44789.0
26370.0,152,65210.0,423.4415584415584,0.08758829522196819,115,45358.0,0.008615721136899877,115,45358.0
26375.0,153,65973.0,428.3961038961039,0.08075704873634826,116,45936.0,0.008008155030634307,116,45936.0
26380.0,154,66738.0,430.56774193548387,0.030503398106455037,117,46516.0,0.003018697026029517,117,46516.0
26385.0,154,67506.0,432.7307692307692,0.08185071260353083,117,47100.0,0.007674221354328349,117,47100.0
26390.0,154,68276.0,432.126582278481,0.24052780288271403,117,47685.0,0.02084326446351297,117,47685.0
26395.0,155,69046.0,434.251572327044,0.3608634328699655,118,48270.0,0.03036055120710182,118,48270.0
26400.0,156,69818.0,433.6521739130435,0.2877391381241335,119,48857.0,0.025055457135682104,119,48857.0
26405.0,157,70600.0,435.8024691358025,0.25286994626618253,120,49454.0,0.024781426720692265,120,49454.0
26410.0,158,71387.0,440.6604938271605,0.29839457735303115,121,50056.0,0.029318033499656136,121,50056.0
26415.0,159,72178.0,445.5432098765432,0.11545689270614277,122,50662.0,0.01102487819602784,122,50662.0
26420.0,161,72978.0,447.7177914110429,0.09803740333384799,124,51277.0,0.009770350405502315,124,51277.0
26425.0,163,73786.0,447.1878787878788,0.10530707699479425,126,51900.0,0.010878598974887136,126,51900.0
26430.0,162,74596.0,449.3734939759036,0.2153827047278011,125,52526.0,0.02172774308517724,125,52526.0
26435.0,163,75408.0,448.85714285714283,0.26187403010079435,126,53152.0,0.024737187846746594,126,53152.0
26440.0,164,76226.0,451.0414201183432,0.28201841795217625,127,53785.0,0.026658345400388576,127,53785.0
26445.0,166,77052.0,450.5964912280702,0.26361642391568085,129,54426.0,0.02621899704663089,129,54426.0
26450.0,167,77880.0,452.7906976744186,0.22406512559247535,130,55070.0,0.021900005779755666,130,55070.0
26455.0,168,78718.0,457.66279069767444,0.20780514377093146,131,55723.0,0.02027887628570031,131,55723.0
26460.0,171,79566.0,462.59302325581393,0.05999047707394081,134,56386.0,0.005867468352247973,134,56386.0
26465.0,171,80421.0,467.5639534883721,0.022284552382995614,134,57056.0,0.0021826724464642554,134,57056.0
26470.0,173,81280.0,469.8265895953757,2.8268095318061112e-06,136,57730.0,2.7643543618562057e-07,136,57730.0
26475.0,173,82140.0,469.37142857142857,0.07920470033048457,136,58405.0,0.008337655515214936,136,58405.0
26480.0,172,83000.0,471.59090909090907,0.1868177794836481,135,59080.0,0.019102501619806297,135,59080.0
26485.0,172,83860.0,471.12359550561797,0.25397233019603993,135,59755.0,0.02384882270495886,135,59755.0
26490.0,173,84725.0,470.69444444444446,0.23608464976323237,136,60435.0,0.021481445443499676,136,60435.0
26495.0,176,85601.0,470.33516483516485,0.21138331765055443,139,61126.0,0.020256510325488388,139,61126.0
26500.0,179,86487.0,470.0380434782609,0.2642637473711131,142,61827.0,0.025516021250410893,142,61827.0
26505.0,181,87382.0,472.33513513513515,0.12304797017678812,144,62537.0,0.011665886667656339,144,62537.0
26510.0,183,88292.0,477.25405405405405,0.05172391605452655,146,63262.0,0.004669399859382331,146,63262.0
26515.0,185,89210.0,477.05882352941177,0.04473219628618304,148,63995.0,0.003902102058658538,148,63995.0
26520.0,185,90135.0,482.0053475935829,0.065426201330544,148,64735.0,0.006808556433219901,148,64735.0
26525.0,186,91065.0,484.38829787234044,0.02207615032924592,149,65480.0,0.0020034831985989445,149,65480.0
26530.0,188,92000.0,484.2105263157895,0.1116952690751066,151,66230.0,0.00946291834515734,151,66230.0
26535.0,188,92935.0,484.0364583333333,0.11117529757981387,151,66980.0,0.010082916021467063,151,66980.0
26540.0,189,93877.0,486.40932642487047,0.05914423095854477,152,67737.0,0.005391313645994545,152,67737.0
26545.0,193,94832.0,486.3179487179487,0.0316455005527536,156,68507.0,0.0028673292943650988,156,68507.0
26550.0,195,95798.0,488.765306122449,0.00787992175111149,158,69289.0,0.0007745817599395451,158,69289.0
26555.0,196,96777.0,493.76020408163265,9.7950865336722e-06,159,70083.0,9.427589487465194e-07,159,70083.0
26560.0,196,97757.0,498.76020408163265,0.0,159,70878.0,0.0,159,70878.0
26565.0,196,98737.0,503.76020408163265,0.0,159,71673.0,0.0,159,71673.0
26570.0,196,99717.0,508.76020408163265,0.0,159,72468.0,0.0,159,72468.0
26575.0,196,100697.0,513.7602040816327,0.0,159,73263.0,0.0,159,73263.0
26580.0,196,101677.0,518.7602040816327,0.0,159,74058.0,0.0,159,74058.0
26585.0,196,102657.0,521.1015228426396,0.010130293870363669,159,74853.0,0.0,159,74853.0
26590.0,196,103637.0,526.0761421319797,0.06820285257606809,159,75648.0,0.0,159,75648.0
26595.0,196,104617.0,528.3686868686868,0.0907124095814733,159,76443.0,0.0,159,76443.0
26600.0,197,105597.0,530.6381909547739,0.096433146679785,159,77238.0,0.0,159,77238.0
26605.0,197,106581.0,535.5829145728643,0.1167959835599523,159,78033.0,0.0,159,78033.0
26610.0,197,107566.0,540.5326633165829,0.10155450545660008,159,78828.0,0.0,159,78828.0
26615.0,198,108554.0,542.77,0.08869356074898695,159,79623.0,0.0,159,79623.0
26620.0,199,109545.0,547.725,0.08086247679605763,159,80418.0,0.0,159,80418.0
26625.0,199,110540.0,555.4773869346734,0.0,159,81213.0,0.0,159,81213.0
26630.0,199,111535.0,560.4773869346734,0.0,159,82005.0,0.0,159,82005.0
26635.0,199,112530.0,565.4773869346734,0.0,159,82800.0,0.0,159,82800.0
26640.0,199,113525.0,570.4773869346734,0.0,159,83595.0,0.0,159,83595.0
26645.0,199,114520.0,572.6,0.04121853880153504,159,84390.0,0.0,159,84390.0
26650.0,199,115515.0,571.8564356435644,0.09970089446164965,159,85177.0,0.0,159,85177.0
26655.0,199,116510.0,576.7821782178218,0.1807811716369061,159,85970.0,0.0,159,85970.0
26660.0,200,117507.0,581.7178217821782,0.13106354872798665,159,86760.0,0.0,159,86760.0
26665.0,201,118509.0,580.9264705882352,0.07536010390840875,159,87534.0,0.0,159,87534.0
26670.0,202,119518.0,583.0146341463415,0.1585444289951207,159,88316.0,0.0,159,88316.0
26675.0,203,120529.0,582.2657004830918,0.19415890222905474,159,89088.0,0.0,159,89088.0
26680.0,203,121540.0,584.3269230769231,0.15893834701671836,159,89855.0,0.0,159,89855.0
26685.0,205,122562.0,586.421052631579,0.19879400072021364,159,90619.0,0.0,159,90619.0
26690.0,207,123590.0,588.5238095238095,0.09328072004234385,159,91366.0,0.0,159,91366.0
26695.0,208,124627.0,590.6492890995261,0.06711400537795217,159,92115.0,0.0,159,92115.0
26700.0,209,125671.0,590.0046948356808,0.17884722702717298,159,92866.0,0.0,159,92866.0
26705.0,209,126716.0,589.3767441860465,0.150934183029184,159,93612.0,0.0,159,93612.0
26710.0,212,127770.0,591.5277777777778,0.12486655772786426,159,94352.0,0.0,159,94352.0
26715.0,214,128838.0,591.0,0.07138973521262292,159,95092.0,0.0,159,95092.0
26720.0,217,129913.0,593.2100456621005,0.07166171578442462,159,95844.0,0.0,159,95844.0
26725.0,217,130996.0,595.4363636363636,0.054774895650154386,159,96578.0,0.0,159,96578.0
26730.0,218,132085.0,594.9774774774775,0.06978594072482332,159,97285.0,0.0,159,97285.0
26735.0,220,133181.0,597.2242152466367,0.0365935483086362,159,97986.0,0.0,159,97986.0
26740.0,222,134289.0,602.1928251121076,0.0009069930238710035,159,98691.0,0.0,159,98691.0
26745.0,224,135404.0,601.7955555555556,0.01711148716436906,159,99383.0,0.0,159,99383.0
26750.0,224,136521.0,604.0752212389381,0.026412817059174636,159,100054.0,0.0,159,100054.0
26755.0,225,137644.0,609.0442477876106,0.0009594743136884873,159,100711.0,0.0,159,100711.0
26760.0,226,138774.0,611.3392070484582,0.0018991765725334157,159,101344.0,0.0,159,101344.0
26765.0,227,139908.0,616.3348017621146,4.589625903736092e-07,159,101967.0,0.0,159,101967.0
26770.0,227,141043.0,621.3348017621146,0.0,159,102583.0,0.0,159,102583.0
26775.0,227,142178.0,626.3348017621146,4.417850251879042e-07,159,103184.0,0.0,159,103184.0
26780.0,227,143313.0,631.3348017621146,8.181607139738381e-07,159,103772.0,0.0,159,103772.0
26785.0,227,144448.0,636.3348017621146,8.613301264579327e-07,159,104338.0,0.0,159,104338.0
26790.0,227,145583.0,641.3348017621146,8.428284148397098e-07,159,104889.0,0.0,159,104889.0
26795.0,227,146718.0,646.3348017621146,6.922373169508712e-07,159,105434.0,0.0,159,105434.0
26800.0,227,147853.0,651.3348017621146,5.06299828005555e-07,159,105984.0,0.0,159,105984.0
26805.0,227,148988.0,656.3348017621146,0.0,159,106533.0,0.0,159,106533.0
26810.0,227,150123.0,661.3348017621146,0.0,159,107078.0,0.0,159,107078.0
26815.0,227,151258.0,666.3348017621146,0.0,159,107623.0,0.0,159,107623.0
26820.0,227,152393.0,671.3348017621146,0.0,159,108168.0,0.0,159,108168.0
26825.0,227,153528.0,676.3348017621146,0.0,159,108713.0,0.0,159,108713.0
26830.0,227,154663.0,681.3348017621146,0.0,159,109258.0,0.0,159,109258.0
26835.0,227,155798.0,686.3348017621146,0.0,159,109803.0,0.0,159,109803.0
26840.0,227,156933.0,691.3348017621146,0.0,159,110345.0,0.0,159,110345.0
26845.0,227,158068.0,696.3348017621146,0.0,159,110880.0,0.0,159,110880.0
26850.0,227,159203.0,701.3348017621146,0.0,159,111415.0,0.0,159,111415.0
26855.0,227,160338.0,706.3348017621146,4.4103790458580317e-07,159,111950.0,0.0,159,111950.0
26860.0,227,161473.0,711.3348017621146,0.0,159,112485.0,0.0,159,112485.0
26865.0,227,162608.0,716.3348017621146,6.789344540385905e-07,159,113020.0,0.0,159,113020.0
26870.0,227,163743.0,721.3348017621146,7.998331208858612e-07,159,113555.0,0.0,159,113555.0
26875.0,227,164878.0,726.3348017621146,0.0,159,114090.0,0.0,159,114090.0
26880.0,227,166013.0,731.3348017621146,0.0,159,114625.0,0.0,159,114625.0
26885.0,227,167148.0,736.3348017621146,0.0,159,115160.0,0.0,159,115160.0
26890.0,227,168283.0,741.3348017621146,0.0,159,115695.0,0.0,159,115695.0
26895.0,227,169418.0,746.3348017621146,0.0,159,116230.0,0.0,159,116230.0
26900.0,227,170553.0,751.3348017621146,0.0,159,116765.0,0.0,159,116765.0
26905.0,227,171688.0,756.3348017621146,0.0,159,117300.0,0.0,159,117300.0
26910.0,227,172823.0,761.3348017621146,0.0,159,117835.0,0.0,159,117835.0
26915.0,227,173958.0,766.3348017621146,0.0,159,118370.0,0.0,159,118370.0
26920.0,227,175093.0,771.3348017621146,0.0,159,118905.0,0.0,159,118905.0
26925.0,227,176228.0,776.3348017621146,4.439955287667587e-07,159,119440.0,0.0,159,119440.0
26930.0,227,177363.0,781.3348017621146,5.384705520439053e-07,159,119975.0,0.0,159,119975.0
26935.0,227,178498.0,786.3348017621146,0.0,159,120510.0,0.0,159,120510.0
26940.0,227,179633.0,791.3348017621146,0.0,159,121045.0,0.0,159,121045.0
26945.0,227,180768.0,796.3348017621146,0.0,159,121580.0,0.0,159,121580.0
26950.0,227,181903.0,801.3348017621146,0.0,159,122115.0,0.0,159,122115.0
26955.0,227,183038.0,806.3348017621146,0.0,159,122645.0,0.0,159,122645.0
26960.0,227,184173.0,811.3348017621146,0.0,159,123164.0,0.0,159,123164.0
26965.0,227,185308.0,816.3348017621146,0.0,159,123679.0,0.0,159,123679.0
26970.0,227,186443.0,821.3348017621146,0.0,159,124183.0,0.0,159,124183.0
26975.0,227,187578.0,826.3348017621146,0.0,159,124674.0,0.0,159,124674.0
26980.0,227,188713.0,831.3348017621146,0.0,159,125153.0,0.0,159,125153.0
26985.0,227,189848.0,836.3348017621146,0.0,159,125618.0,0.0,159,125618.0
26990.0,227,190983.0,841.3348017621146,0.0,159,126071.0,0.0,159,126071.0
26995.0,227,192118.0,846.3348017621146,0.0,159,126520.0,0.0,159,126520.0
27000.0,227,193253.0,851.3348017621146,0.0,159,126962.0,0.0,159,126962.0
27005.0,227,194388.0,856.3348017621146,0.0,159,127402.0,0.0,159,127402.0
27010.0,227,195523.0,861.3348017621146,0.0,159,127842.0,0.0,159,127842.0
27015.0,227,196658.0,866.3348017621146,0.0,159,128282.0,0.0,159,128282.0
27020.0,227,197793.0,871.3348017621146,0.0,159,128722.0,0.0,159,128722.0
27025.0,227,198928.0,876.3348017621146,0.0,159,129162.0,0.0,159,129162.0
27030.0,227,200063.0,881.3348017621146,0.0,159,129602.0,0.0,159,129602.0
27035.0,227,201198.0,886.3348017621146,0.0,159,130042.0,0.0,159,130042.0
27040.0,227,202333.0,891.3348017621146,0.0,159,130482.0,0.0,159,130482.0
27045.0,227,203468.0,896.3348017621146,0.0,159,130922.0,0.0,159,130922.0
27050.0,227,204603.0,901.3348017621146,0.0,159,131362.0,0.0,159,131362.0
27055.0,227,205738.0,906.3348017621146,0.0,159,131802.0,0.0,159,131802.0
27060.0,227,206873.0,911.3348017621146,0.0,159,132242.0,0.0,159,132242.0
27065.0,227,208008.0,916.3348017621146,0.0,159,132682.0,0.0,159,132682.0
27070.0,227,209143.0,921.3348017621146,0.0,159,133122.0,0.0,159,133122.0
27075.0,227,210278.0,926.3348017621146,0.0,159,133562.0,0.0,159,133562.0
27080.0,227,211413.0,931.3348017621146,0.0,159,134002.0,0.0,159,134002.0
27085.0,227,212548.0,936.3348017621146,0.0,159,134442.0,0.0,159,134442.0
27090.0,227,213683.0,941.3348017621146,0.0,159,134882.0,0.0,159,134882.0
27095.0,227,214818.0,946.3348017621146,0.0,159,135322.0,0.0,159,135322.0
27100.0,227,215953.0,951.3348017621146,0.0,159,135757.0,0.0,159,135757.0
27105.0,227,217088.0,956.3348017621146,0.0,159,136192.0,0.0,159,136192.0
27110.0,227,218223.0,961.3348017621146,0.0,159,136627.0,0.0,159,136627.0
27115.0,227,219358.0,966.3348017621146,0.0,159,137062.0,0.0,159,137062.0
27120.0,227,220493.0,971.3348017621146,0.0,159,137497.0,0.0,159,137497.0
27125.0,227,221628.0,976.3348017621146,0.0,159,137926.0,0.0,159,137926.0
27130.0,227,222763.0,981.3348017621146,0.0,159,138351.0,0.0,159,138351.0
27135.0,227,223898.0,986.3348017621146,0.0,159,138776.0,0.0,159,138776.0
27140.0,227,225033.0,991.3348017621146,0.0,159,139201.0,0.0,159,139201.0
27145.0,227,226168.0,996.3348017621146,0.0,159,139626.0,0.0,159,139626.0
27150.0,227,227303.0,1001.3348017621146,0.0,159,140051.0,0.0,159,140051.0
27155.0,227,228438.0,1006.3348017621146,0.0,159,140476.0,0.0,159,140476.0
27160.0,227,229573.0,1011.3348017621146,0.0,159,140899.0,0.0,159,140899.0
27165.0,227,230708.0,1016.3348017621146,0.0,159,141318.0,0.0,159,141318.0
27170.0,227,231843.0,1021.3348017621146,0.0,159,141735.0,0.0,159,141735.0
27175.0,227,232978.0,1026.3348017621145,0.0,159,142141.0,0.0,159,142141.0
27180.0,227,234113.0,1031.3348017621145,0.0,159,142542.0,0.0,159,142542.0
27185.0,227,235248.0,1036.3348017621145,0.0,159,142942.0,0.0,159,142942.0
27190.0,227,236383.0,1041.3348017621145,0.0,159,143339.0,0.0,159,143339.0
27195.0,227,237518.0,1046.3348017621145,0.0,159,143730.0,0.0,159,143730.0
27200.0,227,238653.0,1051.3348017621145,0.0,159,144114.0,0.0,159,144114.0
27205.0,227,239788.0,1056.3348017621145,0.0,159,144487.0,0.0,159,144487.0
27210.0,227,240923.0,1061.3348017621145,0.0,159,144853.0,0.0,159,144853.0
27215.0,227,242058.0,1066.3348017621145,0.0,159,145213.0,0.0,159,145213.0
27220.0,227,243193.0,1071.3348017621145,0.0,159,145568.0,0.0,159,145568.0
27225.0,227,244328.0,1076.3348017621145,0.0,159,145923.0,0.0,159,145923.0
27230.0,227,245463.0,1081.3348017621145,0.0,159,146278.0,0.0,159,146278.0
27235.0,227,246598.0,1086.3348017621145,0.0,159,146630.0,0.0,159,146630.0
27240.0,227,247733.0,1091.3348017621145,0.0,159,146980.0,0.0,159,146980.0
27245.0,227,248868.0,1096.3348017621145,0.0,159,147330.0,0.0,159,147330.0
27250.0,227,250003.0,1101.3348017621145,0.0,159,147672.0,0.0,159,147672.0
27255.0,227,251138.0,1106.3348017621145,0.0,159,148007.0,0.0,159,148007.0
27260.0,227,252273.0,1111.3348017621145,0.0,159,148336.0,0.0,159,148336.0
27265.0,227,253408.0,1116.3348017621145,0.0,159,148661.0,0.0,159,148661.0
27270.0,227,254543.0,1121.3348017621145,0.0,159,148986.0,0.0,159,148986.0
27275.0,227,255678.0,1126.3348017621145,0.0,159,149304.0,0.0,159,149304.0
27280.0,227,256813.0,1131.3348017621145,0.0,159,149614.0,0.0,159,149614.0
27285.0,227,257948.0,1136.3348017621145,0.0,159,149917.0,0.0,159,149917.0
27290.0,227,259083.0,1141.3348017621145,0.0,159,150210.0,0.0,159,150210.0
27295.0,227,260218.0,1146.3348017621145,0.0,159,150497.0,0.0,159,150497.0
27300.0,227,261353.0,1151.3348017621145,0.0,159,150775.0,0.0,159,150775.0
27305.0,227,262488.0,1156.3348017621145,0.0,159,151045.0,0.0,159,151045.0
27310.0,227,263623.0,1161.3348017621145,0.0,159,151310.0,0.0,159,151310.0
27315.0,227,264758.0,1166.3348017621145,0.0,159,151575.0,0.0,159,151575.0
27320.0,227,265893.0,1171.3348017621145,0.0,159,151839.0,0.0,159,151839.0
27325.0,227,267028.0,1176.3348017621145,0.0,159,152095.0,0.0,159,152095.0
27330.0,227,268163.0,1181.3348017621145,0.0,159,152350.0,0.0,159,152350.0
27335.0,227,269298.0,1186.3348017621145,0.0,159,152605.0,0.0,159,152605.0
27340.0,227,270433.0,1191.3348017621145,0.0,159,152860.0,0.0,159,152860.0
27345.0,227,271568.0,1196.3348017621145,0.0,159,153112.0,0.0,159,153112.0
27350.0,227,272703.0,1201.3348017621145,0.0,159,153358.0,0.0,159,153358.0
27355.0,227,273838.0,1206.3348017621145,0.0,159,153601.0,0.0,159,153601.0
27360.0,227,274973.0,1211.3348017621145,0.0,159,153835.0,0.0,159,153835.0
27365.0,227,276108.0,1216.3348017621145,0.0,159,154065.0,0.0,159,154065.0
27370.0,227,277243.0,1221.3348017621145,0.0,159,154291.0,0.0,159,154291.0
27375.0,227,278378.0,1226.3348017621145,0.0,159,154508.0,0.0,159,154508.0
27380.0,227,279513.0,1231.3348017621145,0.0,159,154723.0,0.0,159,154723.0
27385.0,227,280648.0,1236.3348017621145,0.0,159,154934.0,0.0,159,154934.0
27390.0,227,281783.0,1241.3348017621145,0.0,159,155144.0,0.0,159,155144.0
27395.0,227,282918.0,1246.3348017621145,0.0,159,155354.0,0.0,159,155354.0
27400.0,227,284053.0,1251.3348017621145,0.0,159,155562.0,0.0,159,155562.0
27405.0,227,285188.0,1256.3348017621145,0.0,159,155760.0,0.0,159,155760.0
27410.0,227,286323.0,1261.3348017621145,0.0,159,155953.0,0.0,159,155953.0
27415.0,227,287458.0,1266.3348017621145,0.0,159,156142.0,0.0,159,156142.0
27420.0,227,288593.0,1271.3348017621145,0.0,159,156322.0,0.0,159,156322.0
27425.0,227,289728.0,1276.3348017621145,0.0,159,156494.0,0.0,159,156494.0
27430.0,227,290863.0,1281.3348017621145,0.0,159,156663.0,0.0,159,156663.0
27435.0,227,291998.0,1286.3348017621145,0.0,159,156831.0,0.0,159,156831.0
27440.0,227,293133.0,1291.3348017621145,0.0,159,156993.0,0.0,159,156993.0
27445.0,227,294268.0,1296.3348017621145,0.0,159,157147.0,0.0,159,157147.0
27450.0,227,295403.0,1301.3348017621145,0.0,159,157298.0,0.0,159,157298.0
27455.0,227,296538.0,1306.3348017621145,0.0,159,157440.0,0.0,159,157440.0
27460.0,227,297673.0,1311.3348017621145,0.0,159,157572.0,0.0,159,157572.0
27465.0,227,298808.0,1316.3348017621145,0.0,159,157697.0,0.0,159,157697.0
27470.0,227,299943.0,1321.3348017621145,0.0,159,157818.0,0.0,159,157818.0
27475.0,227,301078.0,1326.3348017621145,0.0,159,157938.0,0.0,159,157938.0
27480.0,227,302213.0,1331.3348017621145,0.0,159,158058.0,0.0,159,158058.0
27485.0,227,303348.0,1336.3348017621145,0.0,159,158178.0,0.0,159,158178.0
27490.0,227,304483.0,1341.3348017621145,0.0,159,158293.0,0.0,159,158293.0
27495.0,227,305618.0,1346.3348017621145,0.0,159,158397.0,0.0,159,158397.0
27500.0,227,306753.0,1351.3348017621145,0.0,159,158491.0,0.0,159,158491.0
27505.0,227,307888.0,1356.3348017621145,0.0,159,158576.0,0.0,159,158576.0
27510.0,227,309023.0,1361.3348017621145,0.0,159,158646.0,0.0,159,158646.0
27515.0,227,310158.0,1366.3348017621145,0.0,159,158708.0,0.0,159,158708.0
27520.0,227,311293.0,1371.3348017621145,0.0,159,158763.0,0.0,159,158763.0
27525.0,227,312428.0,1376.3348017621145,0.0,159,158813.0,0.0,159,158813.0
27530.0,227,313563.0,1381.3348017621145,0.0,159,158858.0,0.0,159,158858.0
27535.0,227,314698.0,1386.3348017621145,0.0,159,158903.0,0.0,159,158903.0
27540.0,227,315833.0,1391.3348017621145,0.0,159,158941.0,0.0,159,158941.0
27545.0,227,316968.0,1396.3348017621145,0.0,159,158966.0,0.0,159,158966.0
27550.0,227,318103.0,1401.3348017621145,0.0,159,158979.0,0.0,159,158979.0
27555.0,227,319238.0,1406.3348017621145,0.0,159,158980.0,0.0,159,158980.0
27560.0,227,320373.0,1411.3348017621145,0.0,159,158980.0,0.0,159,158980.0
27565.0,227,321508.0,1416.3348017621145,0.0,159,158980.0,0.0,159,158980.0
27570.0,227,322643.0,1421.3348017621145,0.0,159,158980.0,0.0,159,158980.0
27575.0,227,323778.0,1426.3348017621145,0.0,159,158980.0,0.0,159,158980.0
27580.0,227,324913.0,1431.3348017621145,0.0,159,158980.0,0.0,159,158980.0
27585.0,227,326048.0,1436.3348017621145,0.0,159,158980.0,0.0,159,158980.0
27590.0,227,327183.0,1441.3348017621145,0.0,159,158980.0,0.0,159,158980.0
27595.0,227,328318.0,1446.3348017621145,0.0,159,158980.0,0.0,159,158980.0
27600.0,227,329453.0,1451.3348017621145,0.0,159,158980.0,0.0,159,158980.0
27605.0,227,330588.0,1456.3348017621145,0.0,159,158980.0,0.0,159,158980.0
27610.0,227,331723.0,1461.3348017621145,0.0,159,158980.0,0.0,159,158980.0
27615.0,227,332858.0,1466.3348017621145,0.0,159,158980.0,0.0,159,158980.0
27620.0,227,333993.0,1471.3348017621145,0.0,159,158980.0,0.0,159,158980.0
27625.0,227,335128.0,1476.3348017621145,0.0,159,158980.0,0.0,159,158980.0
27630.0,227,336263.0,1481.3348017621145,0.0,159,158980.0,0.0,159,158980.0
27635.0,227,337398.0,1486.3348017621145,0.0,159,158980.0,0.0,159,158980.0
27640.0,227,338533.0,1491.3348017621145,0.0,159,158980.0,0.0,159,158980.0
27645.0,227,339668.0,1496.3348017621145,0.0,159,158980.0,0.0,159,158980.0
27650.0,227,340803.0,1501.3348017621145,0.0,159,158980.0,0.0,159,158980.0
27655.0,227,341938.0,1506.3348017621145,0.0,159,158980.0,0.0,159,158980.0
27660.0,227,343073.0,1511.3348017621145,0.0,159,158980.0,0.0,159,158980.0
27665.0,227,344208.0,1516.3348017621145,0.0,159,158980.0,0.0,159,158980.0
27670.0,227,345343.0,1521.3348017621145,0.0,159,158980.0,0.0,159,158980.0
27675.0,227,346478.0,1526.3348017621145,0.0,159,158980.0,0.0,159,158980.0
27680.0,227,347613.0,1531.3348017621145,0.0,159,158980.0,0.0,159,158980.0
27685.0,227,348748.0,1536.3348017621145,0.0,159,158980.0,0.0,159,158980.0
27690.0,227,349883.0,1541.3348017621145,0.0,159,158980.0,0.0,159,158980.0
27695.0,227,351018.0,1546.3348017621145,0.0,159,158980.0,0.0,159,158980.0
27700.0,227,352153.0,1551.3348017621145,0.0,159,158980.0,0.0,159,158980.0
27705.0,227,353288.0,1556.3348017621145,0.0,159,158980.0,0.0,159,158980.0
27710.0,227,354423.0,1561.3348017621145,0.0,159,158980.0,0.0,159,158980.0
27715.0,227,355558.0,1566.3348017621145,0.0,159,158980.0,0.0,159,158980.0
27720.0,227,356693.0,1571.3348017621145,0.0,159,158980.0,0.0,159,158980.0
27725.0,227,357828.0,1576.3348017621145,0.0,159,158980.0,0.0,159,158980.0
27730.0,227,358963.0,1581.3348017621145,0.0,159,158980.0,0.0,159,158980.0
27735.0,227,360098.0,1586.3348017621145,0.0,159,158980.0,0.0,159,158980.0
27740.0,227,361233.0,1591.3348017621145,0.0,159,158980.0,0.0,159,158980.0
27745.0,227,362368.0,1596.3348017621145,0.0,159,158980.0,0.0,159,158980.0
27750.0,227,363503.0,1601.3348017621145,0.0,159,158980.0,0.0,159,158980.0
27755.0,227,364638.0,1606.3348017621145,0.0,159,158980.0,0.0,159,158980.0
27760.0,227,365773.0,1611.3348017621145,0.0,159,158980.0,0.0,159,158980.0
27765.0,227,366908.0,1616.3348017621145,0.0,159,158980.0,0.0,159,158980.0
27770.0,227,368043.0,1621.3348017621145,0.0,159,158980.0,0.0,159,158980.0
27775.0,227,369178.0,1626.3348017621145,0.0,159,158980.0,0.0,159,158980.0
27780.0,227,370313.0,1631.3348017621145,0.0,159,158980.0,0.0,159,158980.0
27785.0,227,371448.0,1636.3348017621145,0.0,159,158980.0,0.0,159,158980.0
27790.0,227,372583.0,1641.3348017621145,0.0,159,158980.0,0.0,159,158980.0
27795.0,227,373718.0,1646.3348017621145,0.0,159,158980.0,0.0,159,158980.0
27800.0,227,374853.0,1651.3348017621145,0.0,159,158980.0,0.0,159,158980.0
27805.0,227,375988.0,1656.3348017621145,0.0,159,158980.0,0.0,159,158980.0
27810.0,227,377123.0,1661.3348017621145,0.0,159,158980.0,0.0,159,158980.0
27815.0,227,378258.0,1666.3348017621145,0.0,159,158980.0,0.0,159,158980.0
27820.0,227,379393.0,1671.3348017621145,0.0,159,158980.0,0.0,159,158980.0
27825.0,227,380528.0,1676.3348017621145,0.0,159,158980.0,0.0,159,158980.0
27830.0,227,381663.0,1681.3348017621145,0.0,159,158980.0,0.0,159,158980.0
27835.0,227,382798.0,1686.3348017621145,0.0,159,158980.0,0.0,159,158980.0
27840.0,227,383933.0,1691.3348017621145,0.0,159,158980.0,0.0,159,158980.0
27845.0,227,385068.0,1696.3348017621145,0.0,159,158980.0,0.0,159,158980.0
27850.0,227,386203.0,1701.3348017621145,0.0,159,158980.0,0.0,159,158980.0
27855.0,227,387338.0,1706.3348017621145,0.0,159,158980.0,0.0,159,158980.0
27860.0,227,388473.0,1711.3348017621145,0.0,159,158980.0,0.0,159,158980.0
27865.0,227,389608.0,1716.3348017621145,0.0,159,158980.0,0.0,159,158980.0
27870.0,227,390743.0,1721.3348017621145,0.0,159,158980.0,0.0,159,158980.0
27875.0,227,391878.0,1726.3348017621145,0.0,159,158980.0,0.0,159,158980.0
27880.0,227,393013.0,1731.3348017621145,0.0,159,158980.0,0.0,159,158980.0
27885.0,227,394148.0,1736.3348017621145,0.0,159,158980.0,0.0,159,158980.0
27890.0,227,395283.0,1741.3348017621145,0.0,159,158980.0,0.0,159,158980.0
27895.0,227,396418.0,1746.3348017621145,0.0,159,158980.0,0.0,159,158980.0
27900.0,227,397553.0,1751.3348017621145,0.0,159,158980.0,0.0,159,158980.0
27905.0,227,398688.0,1756.3348017621145,0.0,159,158980.0,0.0,159,158980.0
27910.0,227,399823.0,1761.3348017621145,0.0,159,158980.0,0.0,159,158980.0
27915.0,227,400958.0,1766.3348017621145,0.0,159,158980.0,0.0,159,158980.0
27920.0,227,402093.0,1771.3348017621145,0.0,159,158980.0,0.0,159,158980.0
27925.0,227,403228.0,1776.3348017621145,0.0,159,158980.0,0.0,159,158980.0
27930.0,227,404363.0,1781.3348017621145,0.0,159,158980.0,0.0,159,158980.0
27935.0,227,405498.0,1786.3348017621145,0.0,159,158980.0,0.0,159,158980.0
27940.0,227,406633.0,1791.3348017621145,0.0,159,158980.0,0.0,159,158980.0
27945.0,227,407768.0,1796.3348017621145,0.0,159,158980.0,0.0,159,158980.0
27950.0,227,408903.0,1801.3348017621145,0.0,159,158980.0,0.0,159,158980.0
27955.0,227,410038.0,1806.3348017621145,0.0,159,158980.0,0.0,159,158980.0
27960.0,227,411173.0,1811.3348017621145,0.0,159,158980.0,0.0,159,158980.0
27965.0,227,412308.0,1816.3348017621145,0.0,159,158980.0,0.0,159,158980.0
27970.0,227,413443.0,1821.3348017621145,0.0,159,158980.0,0.0,159,158980.0
27975.0,227,414578.0,1826.3348017621145,0.0,159,158980.0,0.0,159,158980.0
27980.0,227,415713.0,1831.3348017621145,0.0,159,158980.0,0.0,159,158980.0
27985.0,227,416848.0,1836.3348017621145,0.0,159,158980.0,0.0,159,158980.0
27990.0,227,417983.0,1841.3348017621145,0.0,159,158980.0,0.0,159,158980.0
27995.0,227,419118.0,1846.3348017621145,0.0,159,158980.0,0.0,159,158980.0
28000.0,227,420253.0,1851.3348017621145,0.0,159,158980.0,0.0,159,158980.0
28005.0,227,421388.0,1856.3348017621145,0.0,159,158980.0,0.0,159,158980.0
28010.0,227,422523.0,1861.3348017621145,0.0,159,158980.0,0.0,159,158980.0
28015.0,227,423658.0,1866.3348017621145,0.0,159,158980.0,0.0,159,158980.0
28020.0,227,424793.0,1871.3348017621145,0.0,159,158980.0,0.0,159,158980.0
28025.0,227,425928.0,1876.3348017621145,0.0,159,158980.0,0.0,159,158980.0
28030.0,227,427063.0,1881.3348017621145,0.0,159,158980.0,0.0,159,158980.0
28035.0,227,428198.0,1886.3348017621145,0.0,159,158980.0,0.0,159,158980.0
28040.0,227,429333.0,1891.3348017621145,0.0,159,158980.0,0.0,159,158980.0
28045.0,227,430468.0,1896.3348017621145,0.0,159,158980.0,0.0,159,158980.0
28050.0,227,431603.0,1901.3348017621145,0.0,159,158980.0,0.0,159,158980.0
28055.0,227,432738.0,1906.3348017621145,0.0,159,158980.0,0.0,159,158980.0
28060.0,227,433873.0,1911.3348017621145,0.0,159,158980.0,0.0,159,158980.0
28065.0,227,435008.0,1916.3348017621145,0.0,159,158980.0,0.0,159,158980.0
28070.0,227,436143.0,1921.3348017621145,0.0,159,158980.0,0.0,159,158980.0
28075.0,227,437278.0,1926.3348017621145,0.0,159,158980.0,0.0,159,158980.0
28080.0,227,438413.0,1931.3348017621145,0.0,159,158980.0,0.0,159,158980.0
28085.0,227,439548.0,1936.3348017621145,0.0,159,158980.0,0.0,159,158980.0
28090.0,227,440683.0,1941.3348017621145,0.0,159,158980.0,0.0,159,158980.0
28095.0,227,441818.0,1946.3348017621145,0.0,159,158980.0,0.0,159,158980.0
28100.0,227,442953.0,1951.3348017621145,0.0,159,158980.0,0.0,159,158980.0
28105.0,227,444088.0,1956.3348017621145,0.0,159,158980.0,0.0,159,158980.0
28110.0,227,445223.0,1961.3348017621145,0.0,159,158980.0,0.0,159,158980.0
28115.0,227,446358.0,1966.3348017621145,0.0,159,158980.0,0.0,159,158980.0
28120.0,227,447493.0,1971.3348017621145,0.0,159,158980.0,0.0,159,158980.0
28125.0,227,448628.0,1976.3348017621145,0.0,159,158980.0,0.0,159,158980.0
28130.0,227,449763.0,1981.3348017621145,0.0,159,158980.0,0.0,159,158980.0
28135.0,227,450898.0,1986.3348017621145,0.0,159,158980.0,0.0,159,158980.0
28140.0,227,452033.0,1991.3348017621145,0.0,159,158980.0,0.0,159,158980.0
28145.0,227,453168.0,1996.3348017621145,0.0,159,158980.0,0.0,159,158980.0
28150.0,227,454303.0,2001.3348017621145,0.0,159,158980.0,0.0,159,158980.0
28155.0,227,455438.0,2006.3348017621145,0.0,159,158980.0,0.0,159,158980.0
28160.0,227,456573.0,2011.3348017621145,0.0,159,158980.0,0.0,159,158980.0
28165.0,227,457708.0,2016.3348017621145,0.0,159,158980.0,0.0,159,158980.0
28170.0,227,458843.0,2021.3348017621145,0.0,159,158980.0,0.0,159,158980.0
28175.0,227,459978.0,2026.3348017621145,0.0,159,158980.0,0.0,159,158980.0
28180.0,227,461113.0,2031.3348017621145,0.0,159,158980.0,0.0,159,158980.0
28185.0,227,462248.0,2036.3348017621145,0.0,159,158980.0,0.0,159,158980.0
28190.0,227,463383.0,2041.3348017621145,0.0,159,158980.0,0.0,159,158980.0
28195.0,227,464518.0,2046.3348017621145,0.0,159,158980.0,0.0,159,158980.0
28200.0,227,465653.0,2051.3348017621147,0.0,159,158980.0,0.0,159,158980.0
28205.0,227,466788.0,2056.3348017621147,0.0,159,158980.0,0.0,159,158980.0
28210.0,227,467923.0,2061.3348017621147,0.0,159,158980.0,0.0,159,158980.0
28215.0,227,469058.0,2066.3348017621147,0.0,159,158980.0,0.0,159,158980.0
28220.0,227,470193.0,2071.3348017621147,0.0,159,158980.0,0.0,159,158980.0
28225.0,227,471328.0,2076.3348017621147,0.0,159,158980.0,0.0,159,158980.0
28230.0,227,472463.0,2081.3348017621147,0.0,159,158980.0,0.0,159,158980.0
28235.0,227,473598.0,2086.3348017621147,0.0,159,158980.0,0.0,159,158980.0
28240.0,227,474733.0,2091.3348017621147,0.0,159,158980.0,0.0,159,158980.0
28245.0,227,475868.0,2096.3348017621147,0.0,159,158980.0,0.0,159,158980.0
28250.0,227,477003.0,2101.3348017621147,0.0,159,158980.0,0.0,159,158980.0
28255.0,227,478138.0,2106.3348017621147,0.0,159,158980.0,0.0,159,158980.0
28260.0,227,479273.0,2111.3348017621147,0.0,159,158980.0,0.0,159,158980.0
28265.0,227,480408.0,2116.3348017621147,0.0,159,158980.0,0.0,159,158980.0
28270.0,227,481543.0,2121.3348017621147,0.0,159,158980.0,0.0,159,158980.0
28275.0,227,482678.0,2126.3348017621147,0.0,159,158980.0,0.0,159,158980.0
28280.0,227,483813.0,2131.3348017621147,0.0,159,158980.0,0.0,159,158980.0
28285.0,227,484948.0,2136.3348017621147,0.0,159,158980.0,0.0,159,158980.0
28290.0,227,486083.0,2141.3348017621147,0.0,159,158980.0,0.0,159,158980.0
28295.0,227,487218.0,2146.3348017621147,0.0,159,158980.0,0.0,159,158980.0
28300.0,227,488353.0,2151.3348017621147,0.0,159,158980.0,0.0,159,158980.0
28305.0,227,489488.0,2156.3348017621147,0.0,159,158980.0,0.0,159,158980.0
28310.0,227,490623.0,2161.3348017621147,0.0,159,158980.0,0.0,159,158980.0
28315.0,227,491758.0,2166.3348017621147,0.0,159,158980.0,0.0,159,158980.0
28320.0,227,492893.0,2171.3348017621147,0.0,159,158980.0,0.0,159,158980.0
28325.0,227,494028.0,2176.3348017621147,0.0,159,158980.0,0.0,159,158980.0
28330.0,227,495163.0,2181.3348017621147,0.0,159,158980.0,0.0,159,158980.0
28335.0,227,496298.0,2186.3348017621147,0.0,159,158980.0,0.0,159,158980.0
28340.0,227,497433.0,2191.3348017621147,0.0,159,158980.0,0.0,159,158980.0
28345.0,227,498568.0,2196.3348017621147,0.0,159,158980.0,0.0,159,158980.0
28350.0,227,499703.0,2201.3348017621147,0.0,159,158980.0,0.0,159,158980.0
28355.0,227,500838.0,2206.3348017621147,0.0,159,158980.0,0.0,159,158980.0
28360.0,227,501973.0,2211.3348017621147,0.0,159,158980.0,0.0,159,158980.0
28365.0,227,503108.0,2216.3348017621147,0.0,159,158980.0,0.0,159,158980.0
28370.0,227,504243.0,2221.3348017621147,0.0,159,158980.0,0.0,159,158980.0
28375.0,227,505378.0,2226.3348017621147,0.0,159,158980.0,0.0,159,158980.0
28380.0,227,506513.0,2231.3348017621147,0.0,159,158980.0,0.0,159,158980.0
28385.0,227,507648.0,2236.3348017621147,0.0,159,158980.0,0.0,159,158980.0
28390.0,227,508783.0,2241.3348017621147,0.0,159,158980.0,0.0,159,158980.0
28395.0,227,509918.0,2246.3348017621147,0.0,159,158980.0,0.0,159,158980.0
28400.0,227,511053.0,2251.3348017621147,0.0,159,158980.0,0.0,159,158980.0
28405.0,227,512188.0,2256.3348017621147,0.0,159,158980.0,0.0,159,158980.0
28410.0,227,513323.0,2261.3348017621147,0.0,159,158980.0,0.0,159,158980.0
28415.0,227,514458.0,2266.3348017621147,0.0,159,158980.0,0.0,159,158980.0
28420.0,227,515593.0,2271.3348017621147,0.0,159,158980.0,0.0,159,158980.0
28425.0,227,516728.0,2276.3348017621147,0.0,159,158980.0,0.0,159,158980.0
28430.0,227,517863.0,2281.3348017621147,0.0,159,158980.0,0.0,159,158980.0
28435.0,227,518998.0,2286.3348017621147,0.0,159,158980.0,0.0,159,158980.0
28440.0,227,520133.0,2291.3348017621147,0.0,159,158980.0,0.0,159,158980.0
28445.0,227,521268.0,2296.3348017621147,0.0,159,158980.0,0.0,159,158980.0
28450.0,227,522403.0,2301.3348017621147,0.0,159,158980.0,0.0,159,158980.0
28455.0,227,523538.0,2306.3348017621147,0.0,159,158980.0,0.0,159,158980.0
28460.0,227,524673.0,2311.3348017621147,0.0,159,158980.0,0.0,159,158980.0
28465.0,227,525808.0,2316.3348017621147,0.0,159,158980.0,0.0,159,158980.0
28470.0,227,526943.0,2321.3348017621147,0.0,159,158980.0,0.0,159,158980.0
28475.0,227,528078.0,2326.3348017621147,0.0,159,158980.0,0.0,159,158980.0
28480.0,227,529213.0,2331.3348017621147,0.0,159,158980.0,0.0,159,158980.0
28485.0,227,530348.0,2336.3348017621147,0.0,159,158980.0,0.0,159,158980.0
28490.0,227,531483.0,2341.3348017621147,0.0,159,158980.0,0.0,159,158980.0
28495.0,227,532618.0,2346.3348017621147,0.0,159,158980.0,0.0,159,158980.0
28500.0,227,533753.0,2351.3348017621147,0.0,159,158980.0,0.0,159,158980.0
28505.0,227,534888.0,2356.3348017621147,0.0,159,158980.0,0.0,159,158980.0
28510.0,227,536023.0,2361.3348017621147,0.0,159,158980.0,0.0,159,158980.0
28515.0,227,537158.0,2366.3348017621147,0.0,159,158980.0,0.0,159,158980.0
28520.0,227,538293.0,2371.3348017621147,0.0,159,158980.0,0.0,159,158980.0
28525.0,227,539428.0,2376.3348017621147,0.0,159,158980.0,0.0,159,158980.0
28530.0,227,540563.0,2381.3348017621147,0.0,159,158980.0,0.0,159,158980.0
28535.0,227,541698.0,2386.3348017621147,0.0,159,158980.0,0.0,159,158980.0
28540.0,227,542833.0,2391.3348017621147,0.0,159,158980.0,0.0,159,158980.0
28545.0,227,543968.0,2396.3348017621147,0.0,159,158980.0,0.0,159,158980.0
28550.0,227,545103.0,2401.3348017621147,0.0,159,158980.0,0.0,159,158980.0
28555.0,227,546238.0,2406.3348017621147,0.0,159,158980.0,0.0,159,158980.0
28560.0,227,547373.0,2411.3348017621147,0.0,159,158980.0,0.0,159,158980.0
28565.0,227,548508.0,2416.3348017621147,0.0,159,158980.0,0.0,159,158980.0
28570.0,227,549643.0,2421.3348017621147,0.0,159,158980.0,0.0,159,158980.0
28575.0,227,550778.0,2426.3348017621147,0.0,159,158980.0,0.0,159,158980.0
28580.0,227,551913.0,2431.3348017621147,0.0,159,158980.0,0.0,159,158980.0
28585.0,227,553048.0,2436.3348017621147,0.0,159,158980.0,0.0,159,158980.0
28590.0,227,554183.0,2441.3348017621147,0.0,159,158980.0,0.0,159,158980.0
28595.0,227,555318.0,2446.3348017621147,0.0,159,158980.0,0.0,159,158980.0
28600.0,227,556453.0,2451.3348017621147,0.0,159,158980.0,0.0,159,158980.0
28605.0,227,557588.0,2456.3348017621147,0.0,159,158980.0,0.0,159,158980.0
28610.0,227,558723.0,2461.3348017621147,0.0,159,158980.0,0.0,159,158980.0
28615.0,227,559858.0,2466.3348017621147,0.0,159,158980.0,0.0,159,158980.0
28620.0,227,560993.0,2471.3348017621147,0.0,159,158980.0,0.0,159,158980.0
28625.0,227,562128.0,2476.3348017621147,0.0,159,158980.0,0.0,159,158980.0
28630.0,227,563263.0,2481.3348017621147,0.0,159,158980.0,0.0,159,158980.0
28635.0,227,564398.0,2486.3348017621147,0.0,159,158980.0,0.0,159,158980.0
28640.0,227,565533.0,2491.3348017621147,0.0,159,158980.0,0.0,159,158980.0
28645.0,227,566668.0,2496.3348017621147,0.0,159,158980.0,0.0,159,158980.0
28650.0,227,567803.0,2501.3348017621147,0.0,159,158980.0,0.0,159,158980.0
28655.0,227,568938.0,2506.3348017621147,0.0,159,158980.0,0.0,159,158980.0
28660.0,227,570073.0,2511.3348017621147,0.0,159,158980.0,0.0,159,158980.0
28665.0,227,571208.0,2516.3348017621147,0.0,159,158980.0,0.0,159,158980.0
28670.0,227,572343.0,2521.3348017621147,0.0,159,158980.0,0.0,159,158980.0
28675.0,227,573478.0,2526.3348017621147,0.0,159,158980.0,0.0,159,158980.0
28680.0,227,574613.0,2531.3348017621147,0.0,159,158980.0,0.0,159,158980.0
28685.0,227,575748.0,2536.3348017621147,0.0,159,158980.0,0.0,159,158980.0
28690.0,227,576883.0,2541.3348017621147,0.0,159,158980.0,0.0,159,158980.0
28695.0,227,578018.0,2546.3348017621147,0.0,159,158980.0,0.0,159,158980.0
28700.0,227,579153.0,2551.3348017621147,0.0,159,158980.0,0.0,159,158980.0
28705.0,227,580288.0,2556.3348017621147,0.0,159,158980.0,0.0,159,158980.0
28710.0,227,581423.0,2561.3348017621147,0.0,159,158980.0,0.0,159,158980.0
28715.0,227,582558.0,2566.3348017621147,0.0,159,158980.0,0.0,159,158980.0
28720.0,227,583693.0,2571.3348017621147,0.0,159,158980.0,0.0,159,158980.0
28725.0,227,584828.0,2576.3348017621147,0.0,159,158980.0,0.0,159,158980.0
28730.0,227,585963.0,2581.3348017621147,0.0,159,158980.0,0.0,159,158980.0
28735.0,227,587098.0,2586.3348017621147,0.0,159,158980.0,0.0,159,158980.0
28740.0,227,588233.0,2591.3348017621147,0.0,159,158980.0,0.0,159,158980.0
28745.0,227,589368.0,2596.3348017621147,0.0,159,158980.0,0.0,159,158980.0
28750.0,227,590503.0,2601.3348017621147,0.0,159,158980.0,0.0,159,158980.0
28755.0,227,591638.0,2606.3348017621147,0.0,159,158980.0,0.0,159,158980.0
28760.0,227,592773.0,2611.3348017621147,0.0,159,158980.0,0.0,159,158980.0
28765.0,227,593908.0,2616.3348017621147,0.0,159,158980.0,0.0,159,158980.0
28770.0,227,595043.0,2621.3348017621147,0.0,159,158980.0,0.0,159,158980.0
28775.0,227,596178.0,2626.3348017621147,0.0,159,158980.0,0.0,159,158980.0
28780.0,227,597313.0,2631.3348017621147,0.0,159,158980.0,0.0,159,158980.0
28785.0,227,598448.0,2636.3348017621147,0.0,159,158980.0,0.0,159,158980.0
28790.0,227,599583.0,2641.3348017621147,0.0,159,158980.0,0.0,159,158980.0
28795.0,227,600718.0,2646.3348017621147,0.0,159,158980.0,0.0,159,158980.0
28800.0,227,601853.0,2651.3348017621147,0.0,159,158980.0,0.0,159,158980.0
28805.0,227,602988.0,2656.3348017621147,0.0,159,158980.0,0.0,159,158980.0
28810.0,227,604123.0,2661.3348017621147,0.0,159,158980.0,0.0,159,158980.0
28815.0,227,605258.0,2666.3348017621147,0.0,159,158980.0,0.0,159,158980.0
28820.0,227,606393.0,2671.3348017621147,0.0,159,158980.0,0.0,159,158980.0
28825.0,227,607528.0,2676.3348017621147,0.0,159,158980.0,0.0,159,158980.0
28830.0,227,608663.0,2681.3348017621147,0.0,159,158980.0,0.0,159,158980.0
28835.0,227,609798.0,2686.3348017621147,0.0,159,158980.0,0.0,159,158980.0
28840.0,227,610933.0,2691.3348017621147,0.0,159,158980.0,0.0,159,158980.0
28845.0,227,612068.0,2696.3348017621147,0.0,159,158980.0,0.0,159,158980.0
28850.0,227,613203.0,2701.3348017621147,0.0,159,158980.0,0.0,159,158980.0
28855.0,227,614338.0,2706.3348017621147,0.0,159,158980.0,0.0,159,158980.0
28860.0,227,615473.0,2711.3348017621147,0.0,159,158980.0,0.0,159,158980.0
28865.0,227,616608.0,2716.3348017621147,0.0,159,158980.0,0.0,159,158980.0
28870.0,227,617743.0,2721.3348017621147,0.0,159,158980.0,0.0,159,158980.0
28875.0,227,618878.0,2726.3348017621147,0.0,159,158980.0,0.0,159,158980.0
28880.0,227,620013.0,2731.3348017621147,0.0,159,158980.0,0.0,159,158980.0
28885.0,227,621148.0,2736.3348017621147,0.0,159,158980.0,0.0,159,158980.0
28890.0,227,622283.0,2741.3348017621147,0.0,159,158980.0,0.0,159,158980.0
28895.0,227,623418.0,2746.3348017621147,0.0,159,158980.0,0.0,159,158980.0
28900.0,227,624553.0,2751.3348017621147,0.0,159,158980.0,0.0,159,158980.0
28905.0,227,625688.0,2756.3348017621147,0.0,159,158980.0,0.0,159,158980.0
28910.0,227,626823.0,2761.3348017621147,0.0,159,158980.0,0.0,159,158980.0
28915.0,227,627958.0,2766.3348017621147,0.0,159,158980.0,0.0,159,158980.0
28920.0,227,629093.0,2771.3348017621147,0.0,159,158980.0,0.0,159,158980.0
28925.0,227,630228.0,2776.3348017621147,0.0,159,158980.0,0.0,159,158980.0
28930.0,227,631363.0,2781.3348017621147,0.0,159,158980.0,0.0,159,158980.0
28935.0,227,632498.0,2786.3348017621147,0.0,159,158980.0,0.0,159,158980.0
28940.0,227,633633.0,2791.3348017621147,0.0,159,158980.0,0.0,159,158980.0
28945.0,227,634768.0,2796.3348017621147,0.0,159,158980.0,0.0,159,158980.0
28950.0,227,635903.0,2801.3348017621147,0.0,159,158980.0,0.0,159,158980.0
28955.0,227,637038.0,2806.3348017621147,0.0,159,158980.0,0.0,159,158980.0
28960.0,227,638173.0,2811.3348017621147,0.0,159,158980.0,0.0,159,158980.0
28965.0,227,639308.0,2816.3348017621147,0.0,159,158980.0,0.0,159,158980.0
28970.0,227,640443.0,2821.3348017621147,0.0,159,158980.0,0.0,159,158980.0
28975.0,227,641578.0,2826.3348017621147,0.0,159,158980.0,0.0,159,158980.0
28980.0,227,642713.0,2831.3348017621147,0.0,159,158980.0,0.0,159,158980.0
28985.0,227,643848.0,2836.3348017621147,0.0,159,158980.0,0.0,159,158980.0
28990.0,227,644983.0,2841.3348017621147,0.0,159,158980.0,0.0,159,158980.0
28995.0,227,646118.0,2846.3348017621147,0.0,159,158980.0,0.0,159,158980.0
29000.0,227,647253.0,2851.3348017621147,0.0,159,158980.0,0.0,159,158980.0
29005.0,227,648388.0,2856.3348017621147,0.0,159,158980.0,0.0,159,158980.0
29010.0,227,649523.0,2861.3348017621147,0.0,159,158980.0,0.0,159,158980.0
29015.0,227,650658.0,2866.3348017621147,0.0,159,158980.0,0.0,159,158980.0
29020.0,227,651793.0,2871.3348017621147,0.0,159,158980.0,0.0,159,158980.0
29025.0,227,652928.0,2876.3348017621147,0.0,159,158980.0,0.0,159,158980.0
29030.0,227,654063.0,2881.3348017621147,0.0,159,158980.0,0.0,159,158980.0
29035.0,227,655198.0,2886.3348017621147,0.0,159,158980.0,0.0,159,158980.0
29040.0,227,656333.0,2891.3348017621147,0.0,159,158980.0,0.0,159,158980.0
29045.0,227,657468.0,2896.3348017621147,0.0,159,158980.0,0.0,159,158980.0
29050.0,227,658603.0,2901.3348017621147,0.0,159,158980.0,0.0,159,158980.0
29055.0,227,659738.0,2906.3348017621147,0.0,159,158980.0,0.0,159,158980.0
29060.0,227,660873.0,2911.3348017621147,0.0,159,158980.0,0.0,159,158980.0
29065.0,227,662008.0,2916.3348017621147,0.0,159,158980.0,0.0,159,158980.0
29070.0,227,663143.0,2921.3348017621147,0.0,159,158980.0,0.0,159,158980.0
29075.0,227,664278.0,2926.3348017621147,0.0,159,158980.0,0.0,159,158980.0
29080.0,227,665413.0,2931.3348017621147,0.0,159,158980.0,0.0,159,158980.0
29085.0,227,666548.0,2936.3348017621147,0.0,159,158980.0,0.0,159,158980.0
29090.0,227,667683.0,2941.3348017621147,0.0,159,158980.0,0.0,159,158980.0
29095.0,227,668818.0,2946.3348017621147,0.0,159,158980.0,0.0,159,158980.0
29100.0,227,669953.0,2951.3348017621147,0.0,159,158980.0,0.0,159,158980.0
29105.0,227,671088.0,2956.3348017621147,0.0,159,158980.0,0.0,159,158980.0
29110.0,227,672223.0,2961.3348017621147,0.0,159,158980.0,0.0,159,158980.0
29115.0,227,673358.0,2966.3348017621147,0.0,159,158980.0,0.0,159,158980.0
29120.0,227,674493.0,2971.3348017621147,0.0,159,158980.0,0.0,159,158980.0
29125.0,227,675628.0,2976.3348017621147,0.0,159,158980.0,0.0,159,158980.0
29130.0,227,676763.0,2981.3348017621147,0.0,159,158980.0,0.0,159,158980.0
29135.0,227,677898.0,2986.3348017621147,0.0,159,158980.0,0.0,159,158980.0
29140.0,227,679033.0,2991.3348017621147,0.0,159,158980.0,0.0,159,158980.0
29145.0,227,680168.0,2996.3348017621147,0.0,159,158980.0,0.0,159,158980.0
29150.0,227,681303.0,3001.3348017621147,0.0,159,158980.0,0.0,159,158980.0
29155.0,227,682438.0,3006.3348017621147,0.0,159,158980.0,0.0,159,158980.0
29160.0,227,683573.0,3011.3348017621147,0.0,159,158980.0,0.0,159,158980.0
29165.0,227,684708.0,3016.3348017621147,0.0,159,158980.0,0.0,159,158980.0
29170.0,227,685843.0,3021.3348017621147,0.0,159,158980.0,0.0,159,158980.0
29175.0,227,686978.0,3026.3348017621147,0.0,159,158980.0,0.0,159,158980.0
29180.0,227,688113.0,3031.3348017621147,0.0,159,158980.0,0.0,159,158980.0
29185.0,227,689248.0,3036.3348017621147,0.0,159,158980.0,0.0,159,158980.0
29190.0,227,690383.0,3041.3348017621147,0.0,159,158980.0,0.0,159,158980.0
29195.0,227,691518.0,3046.3348017621147,0.0,159,158980.0,0.0,159,158980.0
29200.0,227,692653.0,3051.3348017621147,0.0,159,158980.0,0.0,159,158980.0
29205.0,227,693788.0,3056.3348017621147,0.0,159,158980.0,0.0,159,158980.0
29210.0,227,694923.0,3061.3348017621147,0.0,159,158980.0,0.0,159,158980.0
29215.0,227,696058.0,3066.3348017621147,0.0,159,158980.0,0.0,159,158980.0
29220.0,227,697193.0,3071.3348017621147,0.0,159,158980.0,0.0,159,158980.0
29225.0,227,698328.0,3076.3348017621147,0.0,159,158980.0,0.0,159,158980.0
29230.0,227,699463.0,3081.3348017621147,0.0,159,158980.0,0.0,159,158980.0
29235.0,227,700598.0,3086.3348017621147,0.0,159,158980.0,0.0,159,158980.0
29240.0,227,701733.0,3091.3348017621147,0.0,159,158980.0,0.0,159,158980.0
29245.0,227,702868.0,3096.3348017621147,0.0,159,158980.0,0.0,159,158980.0
29250.0,227,704003.0,3101.3348017621147,0.0,159,158980.0,0.0,159,158980.0
29255.0,227,705138.0,3106.3348017621147,0.0,159,158980.0,0.0,159,158980.0
29260.0,227,706273.0,3111.3348017621147,0.0,159,158980.0,0.0,159,158980.0
29265.0,227,707408.0,3116.3348017621147,0.0,159,158980.0,0.0,159,158980.0
29270.0,227,708543.0,3121.3348017621147,0.0,159,158980.0,0.0,159,158980.0
29275.0,227,709678.0,3126.3348017621147,0.0,159,158980.0,0.0,159,158980.0
29280.0,227,710813.0,3131.3348017621147,0.0,159,158980.0,0.0,159,158980.0
29285.0,227,711948.0,3136.3348017621147,0.0,159,158980.0,0.0,159,158980.0
29290.0,227,713083.0,3141.3348017621147,0.0,159,158980.0,0.0,159,158980.0
29295.0,227,714218.0,3146.3348017621147,0.0,159,158980.0,0.0,159,158980.0
29300.0,227,715353.0,3151.3348017621147,0.0,159,158980.0,0.0,159,158980.0
29305.0,227,716488.0,3156.3348017621147,0.0,159,158980.0,0.0,159,158980.0
29310.0,227,717623.0,3161.3348017621147,0.0,159,158980.0,0.0,159,158980.0
29315.0,227,718758.0,3166.3348017621147,0.0,159,158980.0,0.0,159,158980.0
29320.0,227,719893.0,3171.3348017621147,0.0,159,158980.0,0.0,159,158980.0
29325.0,227,721028.0,3176.3348017621147,0.0,159,158980.0,0.0,159,158980.0
29330.0,227,722163.0,3181.3348017621147,0.0,159,158980.0,0.0,159,158980.0
29335.0,227,723298.0,3186.3348017621147,0.0,159,158980.0,0.0,159,158980.0
29340.0,227,724433.0,3191.3348017621147,0.0,159,158980.0,0.0,159,158980.0
29345.0,227,725568.0,3196.3348017621147,0.0,159,158980.0,0.0,159,158980.0
29350.0,227,726703.0,3201.3348017621147,0.0,159,158980.0,0.0,159,158980.0
29355.0,227,727838.0,3206.3348017621147,0.0,159,158980.0,0.0,159,158980.0
29360.0,227,728973.0,3211.3348017621147,0.0,159,158980.0,0.0,159,158980.0
29365.0,227,730108.0,3216.3348017621147,0.0,159,158980.0,0.0,159,158980.0
29370.0,227,731243.0,3221.3348017621147,0.0,159,158980.0,0.0,159,158980.0
29375.0,227,732378.0,3226.3348017621147,0.0,159,158980.0,0.0,159,158980.0
29380.0,227,733513.0,3231.3348017621147,0.0,159,158980.0,0.0,159,158980.0
29385.0,227,734648.0,3236.3348017621147,0.0,159,158980.0,0.0,159,158980.0
29390.0,227,735783.0,3241.3348017621147,0.0,159,158980.0,0.0,159,158980.0
29395.0,227,736918.0,3246.3348017621147,0.0,159,158980.0,0.0,159,158980.0
29400.0,227,738053.0,3251.3348017621147,0.0,159,158980.0,0.0,159,158980.0
29405.0,227,739188.0,3256.3348017621147,0.0,159,158980.0,0.0,159,158980.0
29410.0,227,740323.0,3261.3348017621147,0.0,159,158980.0,0.0,159,158980.0
29415.0,227,741458.0,3266.3348017621147,0.0,159,158980.0,0.0,159,158980.0
29420.0,227,742593.0,3271.3348017621147,0.0,159,158980.0,0.0,159,158980.0
29425.0,227,743728.0,3276.3348017621147,0.0,159,158980.0,0.0,159,158980.0
29430.0,227,744863.0,3281.3348017621147,0.0,159,158980.0,0.0,159,158980.0
29435.0,227,745998.0,3286.3348017621147,0.0,159,158980.0,0.0,159,158980.0
29440.0,227,747133.0,3291.3348017621147,0.0,159,158980.0,0.0,159,158980.0
29445.0,227,748268.0,3296.3348017621147,0.0,159,158980.0,0.0,159,158980.0
29450.0,227,749403.0,3301.3348017621147,0.0,159,158980.0,0.0,159,158980.0
29455.0,227,750538.0,3306.3348017621147,0.0,159,158980.0,0.0,159,158980.0
29460.0,227,751673.0,3311.3348017621147,0.0,159,158980.0,0.0,159,158980.0
29465.0,227,752808.0,3316.3348017621147,0.0,159,158980.0,0.0,159,158980.0
29470.0,227,753943.0,3321.3348017621147,0.0,159,158980.0,0.0,159,158980.0
29475.0,227,755078.0,3326.3348017621147,0.0,159,158980.0,0.0,159,158980.0
29480.0,227,756213.0,3331.3348017621147,0.0,159,158980.0,0.0,159,158980.0
29485.0,227,757348.0,3336.3348017621147,0.0,159,158980.0,0.0,159,158980.0
29490.0,227,758483.0,3341.3348017621147,0.0,159,158980.0,0.0,159,158980.0
29495.0,227,759618.0,3346.3348017621147,0.0,159,158980.0,0.0,159,158980.0
29500.0,227,760753.0,3351.3348017621147,0.0,159,158980.0,0.0,159,158980.0
29505.0,227,761888.0,3356.3348017621147,0.0,159,158980.0,0.0,159,158980.0
29510.0,227,763023.0,3361.3348017621147,0.0,159,158980.0,0.0,159,158980.0
29515.0,227,764158.0,3366.3348017621147,0.0,159,158980.0,0.0,159,158980.0
29520.0,227,765293.0,3371.3348017621147,0.0,159,158980.0,0.0,159,158980.0
29525.0,227,766428.0,3376.3348017621147,0.0,159,158980.0,0.0,159,158980.0
29530.0,227,767563.0,3381.3348017621147,0.0,159,158980.0,0.0,159,158980.0
29535.0,227,768698.0,3386.3348017621147,0.0,159,158980.0,0.0,159,158980.0
29540.0,227,769833.0,3391.3348017621147,0.0,159,158980.0,0.0,159,158980.0
29545.0,227,770968.0,3396.3348017621147,0.0,159,158980.0,0.0,159,158980.0
29550.0,227,772103.0,3401.3348017621147,0.0,159,158980.0,0.0,159,158980.0
29555.0,227,773238.0,3406.3348017621147,0.0,159,158980.0,0.0,159,158980.0
29560.0,227,774373.0,3411.3348017621147,0.0,159,158980.0,0.0,159,158980.0
29565.0,227,775508.0,3416.3348017621147,0.0,159,158980.0,0.0,159,158980.0
29570.0,227,776643.0,3421.3348017621147,0.0,159,158980.0,0.0,159,158980.0
29575.0,227,777778.0,3426.3348017621147,0.0,159,158980.0,0.0,159,158980.0
29580.0,227,778913.0,3431.3348017621147,0.0,159,158980.0,0.0,159,158980.0
29585.0,227,780048.0,3436.3348017621147,0.0,159,158980.0,0.0,159,158980.0
29590.0,227,781183.0,3441.3348017621147,0.0,159,158980.0,0.0,159,158980.0
29595.0,227,782318.0,3446.3348017621147,0.0,159,158980.0,0.0,159,158980.0
29600.0,227,783453.0,3451.3348017621147,0.0,159,158980.0,0.0,159,158980.0
29605.0,227,784588.0,3456.3348017621147,0.0,159,158980.0,0.0,159,158980.0
29610.0,227,785723.0,3461.3348017621147,0.0,159,158980.0,0.0,159,158980.0
29615.0,227,786858.0,3466.3348017621147,0.0,159,158980.0,0.0,159,158980.0
29620.0,227,787993.0,3471.3348017621147,0.0,159,158980.0,0.0,159,158980.0
29625.0,227,789128.0,3476.3348017621147,0.0,159,158980.0,0.0,159,158980.0
29630.0,227,790263.0,3481.3348017621147,0.0,159,158980.0,0.0,159,158980.0
29635.0,227,791398.0,3486.3348017621147,0.0,159,158980.0,0.0,159,158980.0
29640.0,227,792533.0,3491.3348017621147,0.0,159,158980.0,0.0,159,158980.0
29645.0,227,793668.0,3496.3348017621147,0.0,159,158980.0,0.0,159,158980.0
29650.0,227,794803.0,3501.3348017621147,0.0,159,158980.0,0.0,159,158980.0
29655.0,227,795938.0,3506.3348017621147,0.0,159,158980.0,0.0,159,158980.0
29660.0,227,797073.0,3511.3348017621147,0.0,159,158980.0,0.0,159,158980.0
29665.0,227,798208.0,3516.3348017621147,0.0,159,158980.0,0.0,159,158980.0
29670.0,227,799343.0,3521.3348017621147,0.0,159,158980.0,0.0,159,158980.0
29675.0,227,800478.0,3526.3348017621147,0.0,159,158980.0,0.0,159,158980.0
29680.0,227,801613.0,3531.3348017621147,0.0,159,158980.0,0.0,159,158980.0
29685.0,227,802748.0,3536.3348017621147,0.0,159,158980.0,0.0,159,158980.0
29690.0,227,803883.0,3541.3348017621147,0.0,159,158980.0,0.0,159,158980.0
29695.0,227,805018.0,3546.3348017621147,0.0,159,158980.0,0.0,159,158980.0
29700.0,227,806153.0,3551.3348017621147,0.0,159,158980.0,0.0,159,158980.0
29705.0,227,807288.0,3556.3348017621147,0.0,159,158980.0,0.0,159,158980.0
29710.0,227,808423.0,3561.3348017621147,0.0,159,158980.0,0.0,159,158980.0
29715.0,227,809558.0,3566.3348017621147,0.0,159,158980.0,0.0,159,158980.0
29720.0,227,810693.0,3571.3348017621147,0.0,159,158980.0,0.0,159,158980.0
29725.0,227,811828.0,3576.3348017621147,0.0,159,158980.0,0.0,159,158980.0
29730.0,227,812963.0,3581.3348017621147,0.0,159,158980.0,0.0,159,158980.0
29735.0,227,814098.0,3586.3348017621147,0.0,159,158980.0,0.0,159,158980.0
29740.0,227,815233.0,3591.3348017621147,0.0,159,158980.0,0.0,159,158980.0
29745.0,227,816368.0,3596.3348017621147,0.0,159,158980.0,0.0,159,158980.0
29750.0,227,817503.0,3601.3348017621147,0.0,159,158980.0,0.0,159,158980.0
29755.0,227,818638.0,3606.3348017621147,0.0,159,158980.0,0.0,159,158980.0
29760.0,227,819773.0,3611.3348017621147,0.0,159,158980.0,0.0,159,158980.0
29765.0,227,820908.0,3616.3348017621147,0.0,159,158980.0,0.0,159,158980.0
29770.0,227,822043.0,3621.3348017621147,0.0,159,158980.0,0.0,159,158980.0
29775.0,227,823178.0,3626.3348017621147,0.0,159,158980.0,0.0,159,158980.0
29780.0,227,824313.0,3631.3348017621147,0.0,159,158980.0,0.0,159,158980.0
29785.0,227,825448.0,3636.3348017621147,0.0,159,158980.0,0.0,159,158980.0
29790.0,227,826583.0,3641.3348017621147,0.0,159,158980.0,0.0,159,158980.0
29795.0,227,827718.0,3646.3348017621147,0.0,159,158980.0,0.0,159,158980.0
29800.0,227,828853.0,3651.3348017621147,0.0,159,158980.0,0.0,159,158980.0
29805.0,227,829988.0,3656.3348017621147,0.0,159,158980.0,0.0,159,158980.0
29810.0,227,831123.0,3661.3348017621147,0.0,159,158980.0,0.0,159,158980.0
29815.0,227,832258.0,3666.3348017621147,0.0,159,158980.0,0.0,159,158980.0
29820.0,227,833393.0,3671.3348017621147,0.0,159,158980.0,0.0,159,158980.0
29825.0,227,834528.0,3676.3348017621147,0.0,159,158980.0,0.0,159,158980.0
29830.0,227,835663.0,3681.3348017621147,0.0,159,158980.0,0.0,159,158980.0
29835.0,227,836798.0,3686.3348017621147,0.0,159,158980.0,0.0,159,158980.0
29840.0,227,837933.0,3691.3348017621147,0.0,159,158980.0,0.0,159,158980.0
29845.0,227,839068.0,3696.3348017621147,0.0,159,158980.0,0.0,159,158980.0
29850.0,227,840203.0,3701.3348017621147,0.0,159,158980.0,0.0,159,158980.0
29855.0,227,841338.0,3706.3348017621147,0.0,159,158980.0,0.0,159,158980.0
29860.0,227,842473.0,3711.3348017621147,0.0,159,158980.0,0.0,159,158980.0
29865.0,227,843608.0,3716.3348017621147,0.0,159,158980.0,0.0,159,158980.0
29870.0,227,844743.0,3721.3348017621147,0.0,159,158980.0,0.0,159,158980.0
29875.0,227,845878.0,3726.3348017621147,0.0,159,158980.0,0.0,159,158980.0
29880.0,227,847013.0,3731.3348017621147,0.0,159,158980.0,0.0,159,158980.0
29885.0,227,848148.0,3736.3348017621147,0.0,159,158980.0,0.0,159,158980.0
29890.0,227,849283.0,3741.3348017621147,0.0,159,158980.0,0.0,159,158980.0
29895.0,227,850418.0,3746.3348017621147,0.0,159,158980.0,0.0,159,158980.0
29900.0,227,851553.0,3751.3348017621147,0.0,159,158980.0,0.0,159,158980.0
29905.0,227,852688.0,3756.3348017621147,0.0,159,158980.0,0.0,159,158980.0
29910.0,227,853823.0,3761.3348017621147,0.0,159,158980.0,0.0,159,158980.0
29915.0,227,854958.0,3766.3348017621147,0.0,159,158980.0,0.0,159,158980.0
29920.0,227,856093.0,3771.3348017621147,0.0,159,158980.0,0.0,159,158980.0
29925.0,227,857228.0,3776.3348017621147,0.0,159,158980.0,0.0,159,158980.0
29930.0,227,858363.0,3781.3348017621147,0.0,159,158980.0,0.0,159,158980.0
29935.0,227,859498.0,3786.3348017621147,0.0,159,158980.0,0.0,159,158980.0
29940.0,227,860633.0,3791.3348017621147,0.0,159,158980.0,0.0,159,158980.0
29945.0,227,861768.0,3796.3348017621147,0.0,159,158980.0,0.0,159,158980.0
29950.0,227,862903.0,3801.3348017621147,0.0,159,158980.0,0.0,159,158980.0
29955.0,227,864038.0,3806.3348017621147,0.0,159,158980.0,0.0,159,158980.0
29960.0,227,865173.0,3811.3348017621147,0.0,159,158980.0,0.0,159,158980.0
29965.0,227,866308.0,3816.3348017621147,0.0,159,158980.0,0.0,159,158980.0
29970.0,227,867443.0,3821.3348017621147,0.0,159,158980.0,0.0,159,158980.0
29975.0,227,868578.0,3826.3348017621147,0.0,159,158980.0,0.0,159,158980.0
29980.0,227,869713.0,3831.3348017621147,0.0,159,158980.0,0.0,159,158980.0
29985.0,227,870848.0,3836.3348017621147,0.0,159,158980.0,0.0,159,158980.0
29990.0,227,871983.0,3841.3348017621147,0.0,159,158980.0,0.0,159,158980.0
29995.0,227,873118.0,3846.3348017621147,0.0,159,158980.0,0.0,159,158980.0
30000.0,227,874253.0,3851.3348017621147,0.0,159,158980.0,0.0,159,158980.0
30005.0,227,875388.0,3856.3348017621147,0.0,159,158980.0,0.0,159,158980.0
30010.0,227,876523.0,3861.3348017621147,0.0,159,158980.0,0.0,159,158980.0
30015.0,227,877658.0,3866.3348017621147,0.0,159,158980.0,0.0,159,158980.0
30020.0,227,878793.0,3871.3348017621147,0.0,159,158980.0,0.0,159,158980.0
30025.0,227,879928.0,3876.3348017621147,0.0,159,158980.0,0.0,159,158980.0
30030.0,227,881063.0,3881.3348017621147,0.0,159,158980.0,0.0,159,158980.0
30035.0,227,882198.0,3886.3348017621147,0.0,159,158980.0,0.0,159,158980.0
30040.0,227,883333.0,3891.3348017621147,0.0,159,158980.0,0.0,159,158980.0
30045.0,227,884468.0,3896.3348017621147,0.0,159,158980.0,0.0,159,158980.0
30050.0,227,885603.0,3901.3348017621147,0.0,159,158980.0,0.0,159,158980.0
30055.0,227,886738.0,3906.3348017621147,0.0,159,158980.0,0.0,159,158980.0
30060.0,227,887873.0,3911.3348017621147,0.0,159,158980.0,0.0,159,158980.0
30065.0,227,889008.0,3916.3348017621147,0.0,159,158980.0,0.0,159,158980.0
30070.0,227,890143.0,3921.3348017621147,0.0,159,158980.0,0.0,159,158980.0
30075.0,227,891278.0,3926.3348017621147,0.0,159,158980.0,0.0,159,158980.0
30080.0,227,892413.0,3931.3348017621147,0.0,159,158980.0,0.0,159,158980.0
30085.0,227,893548.0,3936.3348017621147,0.0,159,158980.0,0.0,159,158980.0
30090.0,227,894683.0,3941.3348017621147,0.0,159,158980.0,0.0,159,158980.0
30095.0,227,895818.0,3946.3348017621147,0.0,159,158980.0,0.0,159,158980.0
30100.0,227,896953.0,3951.3348017621147,0.0,159,158980.0,0.0,159,158980.0
30105.0,227,898088.0,3956.3348017621147,0.0,159,158980.0,0.0,159,158980.0
30110.0,227,899223.0,3961.3348017621147,0.0,159,158980.0,0.0,159,158980.0
30115.0,227,900358.0,3966.3348017621147,0.0,159,158980.0,0.0,159,158980.0
30120.0,227,901493.0,3971.3348017621147,0.0,159,158980.0,0.0,159,158980.0
30125.0,227,902628.0,3976.3348017621147,0.0,159,158980.0,0.0,159,158980.0
30130.0,227,903763.0,3981.3348017621147,0.0,159,158980.0,0.0,159,158980.0
30135.0,227,904898.0,3986.3348017621147,0.0,159,158980.0,0.0,159,158980.0
30140.0,227,906033.0,3991.3348017621147,0.0,159,158980.0,0.0,159,158980.0
30145.0,227,907168.0,3996.3348017621147,0.0,159,158980.0,0.0,159,158980.0
30150.0,227,908303.0,4001.3348017621147,0.0,159,158980.0,0.0,159,158980.0
30155.0,227,909438.0,4006.3348017621147,0.0,159,158980.0,0.0,159,158980.0
30160.0,227,910573.0,4011.3348017621147,0.0,159,158980.0,0.0,159,158980.0
30165.0,227,911708.0,4016.3348017621147,0.0,159,158980.0,0.0,159,158980.0
30170.0,227,912843.0,4021.3348017621147,0.0,159,158980.0,0.0,159,158980.0
30175.0,227,913978.0,4026.3348017621147,0.0,159,158980.0,0.0,159,158980.0
30180.0,227,915113.0,4031.3348017621147,0.0,159,158980.0,0.0,159,158980.0
30185.0,227,916248.0,4036.3348017621147,0.0,159,158980.0,0.0,159,158980.0
30190.0,227,917383.0,4041.3348017621147,0.0,159,158980.0,0.0,159,158980.0
30195.0,227,918518.0,4046.3348017621147,0.0,159,158980.0,0.0,159,158980.0
30200.0,227,919653.0,4051.3348017621147,0.0,159,158980.0,0.0,159,158980.0
30205.0,227,920788.0,4056.3348017621147,0.0,159,158980.0,0.0,159,158980.0
30210.0,227,921923.0,4061.3348017621147,0.0,159,158980.0,0.0,159,158980.0
30215.0,227,923058.0,4066.3348017621147,0.0,159,158980.0,0.0,159,158980.0
30220.0,227,924193.0,4071.3348017621147,0.0,159,158980.0,0.0,159,158980.0
30225.0,227,925328.0,4076.3348017621147,0.0,159,158980.0,0.0,159,158980.0
30230.0,227,926463.0,4081.3348017621147,0.0,159,158980.0,0.0,159,158980.0
30235.0,227,927598.0,4086.3348017621147,0.0,159,158980.0,0.0,159,158980.0
30240.0,227,928733.0,4091.3348017621147,0.0,159,158980.0,0.0,159,158980.0
30245.0,227,929868.0,4096.334801762115,0.0,159,158980.0,0.0,159,158980.0
30250.0,227,931003.0,4101.334801762115,0.0,159,158980.0,0.0,159,158980.0
30255.0,227,932138.0,4106.334801762115,0.0,159,158980.0,0.0,159,158980.0
30260.0,227,933273.0,4111.334801762115,0.0,159,158980.0,0.0,159,158980.0
30265.0,227,934408.0,4116.334801762115,0.0,159,158980.0,0.0,159,158980.0
30270.0,227,935543.0,4121.334801762115,0.0,159,158980.0,0.0,159,158980.0
30275.0,227,936678.0,4126.334801762115,0.0,159,158980.0,0.0,159,158980.0
30280.0,227,937813.0,4131.334801762115,0.0,159,158980.0,0.0,159,158980.0
30285.0,227,938948.0,4136.334801762115,0.0,159,158980.0,0.0,159,158980.0
30290.0,227,940083.0,4141.334801762115,0.0,159,158980.0,0.0,159,158980.0
30295.0,227,941218.0,4146.334801762115,0.0,159,158980.0,0.0,159,158980.0
30300.0,227,942353.0,4151.334801762115,0.0,159,158980.0,0.0,159,158980.0
30305.0,227,943488.0,4156.334801762115,0.0,159,158980.0,0.0,159,158980.0
30310.0,227,944623.0,4161.334801762115,0.0,159,158980.0,0.0,159,158980.0
30315.0,227,945758.0,4166.334801762115,0.0,159,158980.0,0.0,159,158980.0
30320.0,227,946893.0,4171.334801762115,0.0,159,158980.0,0.0,159,158980.0
30325.0,227,948028.0,4176.334801762115,0.0,159,158980.0,0.0,159,158980.0
30330.0,227,949163.0,4181.334801762115,0.0,159,158980.0,0.0,159,158980.0
30335.0,227,950298.0,4186.334801762115,0.0,159,158980.0,0.0,159,158980.0
30340.0,227,951433.0,4191.334801762115,0.0,159,158980.0,0.0,159,158980.0
30345.0,227,952568.0,4196.334801762115,0.0,159,158980.0,0.0,159,158980.0
30350.0,227,953703.0,4201.334801762115,0.0,159,158980.0,0.0,159,158980.0
30355.0,227,954838.0,4206.334801762115,0.0,159,158980.0,0.0,159,158980.0
30360.0,227,955973.0,4211.334801762115,0.0,159,158980.0,0.0,159,158980.0
30365.0,227,957108.0,4216.334801762115,0.0,159,158980.0,0.0,159,158980.0
30370.0,227,958243.0,4221.334801762115,0.0,159,158980.0,0.0,159,158980.0
30375.0,227,959378.0,4226.334801762115,0.0,159,158980.0,0.0,159,158980.0
30380.0,227,960513.0,4231.334801762115,0.0,159,158980.0,0.0,159,158980.0
30385.0,227,961648.0,4236.334801762115,0.0,159,158980.0,0.0,159,158980.0
30390.0,227,962783.0,4241.334801762115,0.0,159,158980.0,0.0,159,158980.0
30395.0,227,963918.0,4246.334801762115,0.0,159,158980.0,0.0,159,158980.0
30400.0,227,965053.0,4251.334801762115,0.0,159,158980.0,0.0,159,158980.0
30405.0,227,966188.0,4256.334801762115,0.0,159,158980.0,0.0,159,158980.0
30410.0,227,967323.0,4261.334801762115,0.0,159,158980.0,0.0,159,158980.0
30415.0,227,968458.0,4266.334801762115,0.0,159,158980.0,0.0,159,158980.0
30420.0,227,969593.0,4271.334801762115,0.0,159,158980.0,0.0,159,158980.0
30425.0,227,970728.0,4276.334801762115,0.0,159,158980.0,0.0,159,158980.0
30430.0,227,971863.0,4281.334801762115,0.0,159,158980.0,0.0,159,158980.0
30435.0,227,972998.0,4286.334801762115,0.0,159,158980.0,0.0,159,158980.0
30440.0,227,974133.0,4291.334801762115,0.0,159,158980.0,0.0,159,158980.0
30445.0,227,975268.0,4296.334801762115,0.0,159,158980.0,0.0,159,158980.0
30450.0,227,976403.0,4301.334801762115,0.0,159,158980.0,0.0,159,158980.0
30455.0,227,977538.0,4306.334801762115,0.0,159,158980.0,0.0,159,158980.0
30460.0,227,978673.0,4311.334801762115,0.0,159,158980.0,0.0,159,158980.0
30465.0,227,979808.0,4316.334801762115,0.0,159,158980.0,0.0,159,158980.0
30470.0,227,980943.0,4321.334801762115,0.0,159,158980.0,0.0,159,158980.0
30475.0,227,982078.0,4326.334801762115,0.0,159,158980.0,0.0,159,158980.0
30480.0,227,983213.0,4331.334801762115,0.0,159,158980.0,0.0,159,158980.0
30485.0,227,984348.0,4336.334801762115,0.0,159,158980.0,0.0,159,158980.0
30490.0,227,985483.0,4341.334801762115,0.0,159,158980.0,0.0,159,158980.0
30495.0,227,986618.0,4346.334801762115,0.0,159,158980.0,0.0,159,158980.0
30500.0,227,987753.0,4351.334801762115,0.0,159,158980.0,0.0,159,158980.0
30505.0,227,988888.0,4356.334801762115,0.0,159,158980.0,0.0,159,158980.0
30510.0,227,990023.0,4361.334801762115,0.0,159,158980.0,0.0,159,158980.0
30515.0,227,991158.0,4366.334801762115,0.0,159,158980.0,0.0,159,158980.0
30520.0,227,992293.0,4371.334801762115,0.0,159,158980.0,0.0,159,158980.0
30525.0,227,993428.0,4376.334801762115,0.0,159,158980.0,0.0,159,158980.0
30530.0,227,994563.0,4381.334801762115,0.0,159,158980.0,0.0,159,158980.0
30535.0,227,995698.0,4386.334801762115,0.0,159,158980.0,0.0,159,158980.0
30540.0,227,996833.0,4391.334801762115,0.0,159,158980.0,0.0,159,158980.0
30545.0,227,997968.0,4396.334801762115,0.0,159,158980.0,0.0,159,158980.0
30550.0,227,999103.0,4401.334801762115,0.0,159,158980.0,0.0,159,158980.0
30555.0,227,1000238.0,4406.334801762115,0.0,159,158980.0,0.0,159,158980.0
30560.0,227,1001373.0,4411.334801762115,0.0,159,158980.0,0.0,159,158980.0
30565.0,227,1002508.0,4416.334801762115,0.0,159,158980.0,0.0,159,158980.0
30570.0,227,1003643.0,4421.334801762115,0.0,159,158980.0,0.0,159,158980.0
30575.0,227,1004778.0,4426.334801762115,0.0,159,158980.0,0.0,159,158980.0
30580.0,227,1005913.0,4431.334801762115,0.0,159,158980.0,0.0,159,158980.0
30585.0,227,1007048.0,4436.334801762115,0.0,159,158980.0,0.0,159,158980.0
30590.0,227,1008183.0,4441.334801762115,0.0,159,158980.0,0.0,159,158980.0
30595.0,227,1009318.0,4446.334801762115,0.0,159,158980.0,0.0,159,158980.0
30600.0,227,1010453.0,4451.334801762115,0.0,159,158980.0,0.0,159,158980.0
